Type,Timestamp/ms,Dimension,X,Y,Z,A,B,C,D,E,F,G,H,I,J,K,L,M
1,0,3,-0.2705078,-0.083740234,9.734375,0,0,0,0,0,0,0,0,0,0,0,0,0
2,41958616,3,-2986,3032,613.5,0,0,0,0,0,0,0,0,0,0,0,0,0
1,200000000,3,-0.27270508,-0.09814453,9.7421875,0,0,0,0,0,0,0,0,0,0,0,0,0
2,241958616,3,-2984,3032,613.5,0,0,0,0,0,0,0,0,0,0,0,0,0
1,400000000,3,-0.2631836,-0.10290527,9.7265625,0,0,0,0,0,0,0,0,0,0,0,0,0
2,441958616,3,-2986,3032,613.5,0,0,0,0,0,0,0,0,0,0,0,0,0
1,600000000,3,-0.24658203,-0.09576416,9.734375,0,0,0,0,0,0,0,0,0,0,0,0,0
2,641958616,3,-2984,3032,613,0,0,0,0,0,0,0,0,0,0,0,0,0
1,800000000,3,-0.2680664,-0.09814453,9.734375,0,0,0,0,0,0,0,0,0,0,0,0,0
2,841958616,3,-2984,3032,613,0,0,0,0,0,0,0,0,0,0,0,0,0
1,1000000000,3,-0.2631836,-0.105285645,9.734375,0,0,0,0,0,0,0,0,0,0,0,0,0
2,1041958616,3,-2986,3030,614,0,0,0,0,0,0,0,0,0,0,0,0,0
1,1200000000,3,-0.2680664,-0.09094238,9.734375,0,0,0,0,0,0,0,0,0,0,0,0,0
2,1241958616,3,-2986,3030,614,0,0,0,0,0,0,0,0,0,0,0,0,0
1,1400000000,3,-0.27514648,-0.105285645,9.734375,0,0,0,0,0,0,0,0,0,0,0,0,0
2,1441958616,3,-2986,3030,614,0,0,0,0,0,0,0,0,0,0,0,0,0
1,1600000000,3,-0.2800293,-0.11010742,9.734375,0,0,0,0,0,0,0,0,0,0,0,0,0
2,1641958616,3,-2986,3032,611,0,0,0,0,0,0,0,0,0,0,0,0,0
1,1800000000,3,-0.25854492,-0.11010742,9.734375,0,0,0,0,0,0,0,0,0,0,0,0,0
2,1841958616,3,-2986,3032,611.5,0,0,0,0,0,0,0,0,0,0,0,0,0
1,2000000000,3,-0.25854492,-0.11010742,9.7265625,0,0,0,0,0,0,0,0,0,0,0,0,0
2,2041958616,3,-2988,3032,612,0,0,0,0,0,0,0,0,0,0,0,0,0
1,2200000000,3,-0.25854492,-0.11010742,9.7109375,0,0,0,0,0,0,0,0,0,0,0,0,0
2,2241958616,3,-2988,3032,611.5,0,0,0,0,0,0,0,0,0,0,0,0,0
1,2400000000,3,-0.25610352,-0.10290527,9.7265625,0,0,0,0,0,0,0,0,0,0,0,0,0
2,2441958616,3,-2988,3032,611.5,0,0,0,0,0,0,0,0,0,0,0,0,0
1,2600000000,3,-0.265625,-0.09576416,9.71875,0,0,0,0,0,0,0,0,0,0,0,0,0
2,2641958616,3,-2984,3030,615,0,0,0,0,0,0,0,0,0,0,0,0,0
1,2800000000,3,-0.2607422,-0.10290527,9.7265625,0,0,0,0,0,0,0,0,0,0,0,0,0
2,2841958616,3,-2984,3030,615.5,0,0,0,0,0,0,0,0,0,0,0,0,0
1,3000000000,3,-0.25854492,-0.11248779,9.7265625,0,0,0,0,0,0,0,0,0,0,0,0,0
2,3041958616,3,-2986,3030,614.5,0,0,0,0,0,0,0,0,0,0,0,0,0
1,3200000000,3,-0.25854492,-0.09814453,9.7421875,0,0,0,0,0,0,0,0,0,0,0,0,0
2,3241958616,3,-2986,3030,614,0,0,0,0,0,0,0,0,0,0,0,0,0
1,3400000000,3,-0.2705078,-0.10290527,9.734375,0,0,0,0,0,0,0,0,0,0,0,0,0
2,3441958616,3,-2986,3030,614.5,0,0,0,0,0,0,0,0,0,0,0,0,0
1,3600000000,3,-0.265625,-0.105285645,9.734375,0,0,0,0,0,0,0,0,0,0,0,0,0
2,3641958616,3,-2984,3030,616,0,0,0,0,0,0,0,0,0,0,0,0,0
1,3800000000,3,-0.2680664,-0.09814453,9.71875,0,0,0,0,0,0,0,0,0,0,0,0,0
2,3841958616,3,-2986,3030,616,0,0,0,0,0,0,0,0,0,0,0,0,0
1,4000000000,3,-0.265625,-0.09576416,9.734375,0,0,0,0,0,0,0,0,0,0,0,0,0
2,4041958616,3,-2986,3030,616.5,0,0,0,0,0,0,0,0,0,0,0,0,0
1,4200000000,3,-0.2631836,-0.11010742,9.7421875,0,0,0,0,0,0,0,0,0,0,0,0,0
2,4241958616,3,-2986,3028,618,0,0,0,0,0,0,0,0,0,0,0,0,0
1,4400000000,3,-0.2607422,-0.11730957,9.7265625,0,0,0,0,0,0,0,0,0,0,0,0,0
2,4461958616,3,-2986,3028,618,0,0,0,0,0,0,0,0,0,0,0,0,0
1,4620000000,3,-0.2680664,-0.09814453,9.71875,0,0,0,0,0,0,0,0,0,0,0,0,0
2,4681958616,3,-2986,3032,612,0,0,0,0,0,0,0,0,0,0,0,0,0
1,4840000000,3,-0.2536621,-0.10290527,9.734375,0,0,0,0,0,0,0,0,0,0,0,0,0
2,4901958616,3,-2986,3032,612,0,0,0,0,0,0,0,0,0,0,0,0,0
1,5060000000,3,-0.2512207,-0.114868164,9.734375,0,0,0,0,0,0,0,0,0,0,0,0,0
2,5101958616,3,-2986,3032,611.5,0,0,0,0,0,0,0,0,0,0,0,0,0
1,5260000000,3,-0.2512207,-0.11010742,9.75,0,0,0,0,0,0,0,0,0,0,0,0,0
2,5301958616,3,-2986,3032,611.5,0,0,0,0,0,0,0,0,0,0,0,0,0
1,5460000000,3,-0.24658203,-0.11968994,9.734375,0,0,0,0,0,0,0,0,0,0,0,0,0
2,5501958616,3,-2986,3032,611.5,0,0,0,0,0,0,0,0,0,0,0,0,0
1,5660000000,3,-0.25854492,-0.09814453,9.7421875,0,0,0,0,0,0,0,0,0,0,0,0,0
2,5701958616,3,-2986,3030,615.5,0,0,0,0,0,0,0,0,0,0,0,0,0
1,5860000000,3,-0.2607422,-0.09814453,9.734375,0,0,0,0,0,0,0,0,0,0,0,0,0
2,5901958616,3,-2986,3030,615.5,0,0,0,0,0,0,0,0,0,0,0,0,0
1,6060000000,3,-0.25610352,-0.10772705,9.734375,0,0,0,0,0,0,0,0,0,0,0,0,0
2,6101958616,3,-2986,3030,615,0,0,0,0,0,0,0,0,0,0,0,0,0
1,6260000000,3,-0.24890137,-0.09576416,9.7421875,0,0,0,0,0,0,0,0,0,0,0,0,0
2,6301958616,3,-2986,3030,614.5,0,0,0,0,0,0,0,0,0,0,0,0,0
1,6460000000,3,-0.2512207,-0.114868164,9.7578125,0,0,0,0,0,0,0,0,0,0,0,0,0
2,6501958616,3,-2986,3030,615,0,0,0,0,0,0,0,0,0,0,0,0,0
1,6660000000,3,-0.25610352,-0.114868164,9.7421875,0,0,0,0,0,0,0,0,0,0,0,0,0
2,6701958616,3,-2986,3032,613,0,0,0,0,0,0,0,0,0,0,0,0,0
1,6860000000,3,-0.2631836,-0.11730957,9.7265625,0,0,0,0,0,0,0,0,0,0,0,0,0
2,6901958616,3,-2986,3030,613.5,0,0,0,0,0,0,0,0,0,0,0,0,0
1,7060000000,3,-0.2680664,-0.11248779,9.75,0,0,0,0,0,0,0,0,0,0,0,0,0
2,7101958616,3,-2986,3032,613,0,0,0,0,0,0,0,0,0,0,0,0,0
1,7260000000,3,-0.2536621,-0.11248779,9.71875,0,0,0,0,0,0,0,0,0,0,0,0,0
2,7301958616,3,-2986,3032,612.5,0,0,0,0,0,0,0,0,0,0,0,0,0
1,7460000000,3,-0.2631836,-0.09814453,9.71875,0,0,0,0,0,0,0,0,0,0,0,0,0
2,7501958616,3,-2986,3032,612.5,0,0,0,0,0,0,0,0,0,0,0,0,0
1,7660000000,3,-0.265625,-0.083740234,9.734375,0,0,0,0,0,0,0,0,0,0,0,0,0
2,7701958616,3,-2986,3032,611,0,0,0,0,0,0,0,0,0,0,0,0,0
1,7860000000,3,-0.2705078,-0.105285645,9.7421875,0,0,0,0,0,0,0,0,0,0,0,0,0
2,7901958616,3,-2986,3032,611.5,0,0,0,0,0,0,0,0,0,0,0,0,0
1,8060000000,3,-0.25610352,-0.09576416,9.7421875,0,0,0,0,0,0,0,0,0,0,0,0,0
2,8101958616,3,-2988,3032,610.5,0,0,0,0,0,0,0,0,0,0,0,0,0
1,8260000000,3,-0.24414063,-0.10772705,9.734375,0,0,0,0,0,0,0,0,0,0,0,0,0
2,8301958616,3,-2988,3032,611,0,0,0,0,0,0,0,0,0,0,0,0,0
1,8460000000,3,-0.25610352,-0.10772705,9.734375,0,0,0,0,0,0,0,0,0,0,0,0,0
2,8501958616,3,-2988,3032,611,0,0,0,0,0,0,0,0,0,0,0,0,0
1,8660000000,3,-0.27270508,-0.10772705,9.7265625,0,0,0,0,0,0,0,0,0,0,0,0,0
2,8701958616,3,-2986,3034,605.5,0,0,0,0,0,0,0,0,0,0,0,0,0
1,8860000000,3,-0.25854492,-0.11248779,9.734375,0,0,0,0,0,0,0,0,0,0,0,0,0
2,8901958616,3,-2986,3034,606,0,0,0,0,0,0,0,0,0,0,0,0,0
1,9060000000,3,-0.2631836,-0.11248779,9.71875,0,0,0,0,0,0,0,0,0,0,0,0,0
2,9101958616,3,-2988,3034,607,0,0,0,0,0,0,0,0,0,0,0,0,0
1,9260000000,3,-0.2536621,-0.10772705,9.734375,0,0,0,0,0,0,0,0,0,0,0,0,0
2,9301958616,3,-2988,3034,607,0,0,0,0,0,0,0,0,0,0,0,0,0
1,9460000000,3,-0.2631836,-0.1005249,9.7421875,0,0,0,0,0,0,0,0,0,0,0,0,0
2,9501958616,3,-2988,3034,607,0,0,0,0,0,0,0,0,0,0,0,0,0
1,9660000000,3,-0.265625,-0.11248779,9.7421875,0,0,0,0,0,0,0,0,0,0,0,0,0
2,9701958616,3,-2988,3034,606.5,0,0,0,0,0,0,0,0,0,0,0,0,0
1,9860000000,3,-0.2512207,-0.09814453,9.734375,0,0,0,0,0,0,0,0,0,0,0,0,0
2,9901958616,3,-2988,3034,606.5,0,0,0,0,0,0,0,0,0,0,0,0,0
1,10060000000,3,-0.2631836,-0.09814453,9.71875,0,0,0,0,0,0,0,0,0,0,0,0,0
2,10101958616,3,-2988,3034,606.5,0,0,0,0,0,0,0,0,0,0,0,0,0
1,10260000000,3,-0.2680664,-0.105285645,9.7265625,0,0,0,0,0,0,0,0,0,0,0,0,0
2,10301958616,3,-2988,3034,606,0,0,0,0,0,0,0,0,0,0,0,0,0
1,10460000000,3,-0.2607422,-0.10290527,9.7265625,0,0,0,0,0,0,0,0,0,0,0,0,0
2,10501958616,3,-2990,3034,606,0,0,0,0,0,0,0,0,0,0,0,0,0
1,10660000000,3,-0.2607422,-0.105285645,9.734375,0,0,0,0,0,0,0,0,0,0,0,0,0
2,10701958616,3,-2986,3034,606.5,0,0,0,0,0,0,0,0,0,0,0,0,0
1,10860000000,3,-0.2512207,-0.09814453,9.734375,0,0,0,0,0,0,0,0,0,0,0,0,0
2,10901958616,3,-2986,3034,607,0,0,0,0,0,0,0,0,0,0,0,0,0
1,11060000000,3,-0.2631836,-0.10290527,9.75,0,0,0,0,0,0,0,0,0,0,0,0,0
2,11101958616,3,-2988,3034,607,0,0,0,0,0,0,0,0,0,0,0,0,0
1,11260000000,3,-0.25854492,-0.09814453,9.734375,0,0,0,0,0,0,0,0,0,0,0,0,0
2,11301958616,3,-2988,3034,607,0,0,0,0,0,0,0,0,0,0,0,0,0
1,11460000000,3,-0.2607422,-0.105285645,9.734375,0,0,0,0,0,0,0,0,0,0,0,0,0
2,11501958616,3,-2988,3034,607,0,0,0,0,0,0,0,0,0,0,0,0,0
1,11660000000,3,-0.265625,-0.11248779,9.734375,0,0,0,0,0,0,0,0,0,0,0,0,0
2,11701958616,3,-2988,3034,607.5,0,0,0,0,0,0,0,0,0,0,0,0,0
1,11860000000,3,-0.2536621,-0.11010742,9.7421875,0,0,0,0,0,0,0,0,0,0,0,0,0
2,11901958616,3,-2988,3034,607.5,0,0,0,0,0,0,0,0,0,0,0,0,0
1,12060000000,3,-0.2631836,-0.11248779,9.7265625,0,0,0,0,0,0,0,0,0,0,0,0,0
2,12101958616,3,-2990,3032,609.5,0,0,0,0,0,0,0,0,0,0,0,0,0
1,12260000000,3,-0.2631836,-0.10290527,9.7109375,0,0,0,0,0,0,0,0,0,0,0,0,0
2,12301958616,3,-2990,3032,609.5,0,0,0,0,0,0,0,0,0,0,0,0,0
1,12460000000,3,-0.24890137,-0.11248779,9.765625,0,0,0,0,0,0,0,0,0,0,0,0,0
2,12501958616,3,-2990,3032,609.5,0,0,0,0,0,0,0,0,0,0,0,0,0
1,12660000000,3,-0.265625,-0.11010742,9.734375,0,0,0,0,0,0,0,0,0,0,0,0,0
2,12701958616,3,-2990,3034,607.5,0,0,0,0,0,0,0,0,0,0,0,0,0
1,12860000000,3,-0.2512207,-0.11010742,9.7265625,0,0,0,0,0,0,0,0,0,0,0,0,0
2,12901958616,3,-2990,3034,607.5,0,0,0,0,0,0,0,0,0,0,0,0,0
1,13060000000,3,-0.2607422,-0.105285645,9.734375,0,0,0,0,0,0,0,0,0,0,0,0,0
2,13101958616,3,-2990,3032,610,0,0,0,0,0,0,0,0,0,0,0,0,0
1,13260000000,3,-0.25854492,-0.114868164,9.734375,0,0,0,0,0,0,0,0,0,0,0,0,0
2,13301958616,3,-2990,3032,609,0,0,0,0,0,0,0,0,0,0,0,0,0
1,13460000000,3,-0.2680664,-0.12207031,9.734375,0,0,0,0,0,0,0,0,0,0,0,0,0
2,13501958616,3,-2990,3032,609.5,0,0,0,0,0,0,0,0,0,0,0,0,0
1,13660000000,3,-0.2607422,-0.105285645,9.734375,0,0,0,0,0,0,0,0,0,0,0,0,0
2,13701958616,3,-2988,3034,608.5,0,0,0,0,0,0,0,0,0,0,0,0,0
1,13860000000,3,-0.2607422,-0.105285645,9.7265625,0,0,0,0,0,0,0,0,0,0,0,0,0
2,13901958616,3,-2988,3032,609,0,0,0,0,0,0,0,0,0,0,0,0,0
1,14060000000,3,-0.25854492,-0.10772705,9.734375,0,0,0,0,0,0,0,0,0,0,0,0,0
2,14101958616,3,-2990,3034,608.5,0,0,0,0,0,0,0,0,0,0,0,0,0
1,14260000000,3,-0.2680664,-0.105285645,9.75,0,0,0,0,0,0,0,0,0,0,0,0,0
2,14301958616,3,-2988,3034,608,0,0,0,0,0,0,0,0,0,0,0,0,0
1,14460000000,3,-0.2536621,-0.1005249,9.7421875,0,0,0,0,0,0,0,0,0,0,0,0,0
2,14501958616,3,-2990,3034,608,0,0,0,0,0,0,0,0,0,0,0,0,0
1,14680000000,3,-0.2536621,-0.114868164,9.734375,0,0,0,0,0,0,0,0,0,0,0,0,0
2,14721958616,3,-2990,3032,609,0,0,0,0,0,0,0,0,0,0,0,0,0
1,14900000000,3,-0.265625,-0.10290527,9.75,0,0,0,0,0,0,0,0,0,0,0,0,0
2,14941958616,3,-2990,3032,609.5,0,0,0,0,0,0,0,0,0,0,0,0,0
1,15120000000,3,-0.2536621,-0.11968994,9.734375,0,0,0,0,0,0,0,0,0,0,0,0,0
2,15161958616,3,-2990,3032,609.5,0,0,0,0,0,0,0,0,0,0,0,0,0
1,15340000000,3,-0.265625,-0.11730957,9.7265625,0,0,0,0,0,0,0,0,0,0,0,0,0
2,15381958616,3,-2990,3032,609.5,0,0,0,0,0,0,0,0,0,0,0,0,0
1,15560000000,3,-0.2512207,-0.093322754,9.71875,0,0,0,0,0,0,0,0,0,0,0,0,0
2,15601958616,3,-2992,3032,609.5,0,0,0,0,0,0,0,0,0,0,0,0,0
1,15780000000,3,-0.265625,-0.11248779,9.734375,0,0,0,0,0,0,0,0,0,0,0,0,0
2,15821958616,3,-2988,3032,611.5,0,0,0,0,0,0,0,0,0,0,0,0,0
1,15980000000,3,-0.2512207,-0.105285645,9.75,0,0,0,0,0,0,0,0,0,0,0,0,0
2,16021958616,3,-2988,3032,612,0,0,0,0,0,0,0,0,0,0,0,0,0
1,16180000000,3,-0.2705078,-0.09814453,9.734375,0,0,0,0,0,0,0,0,0,0,0,0,0
2,16221958616,3,-2988,3032,612.5,0,0,0,0,0,0,0,0,0,0,0,0,0
1,16380000000,3,-0.25610352,-0.10772705,9.7421875,0,0,0,0,0,0,0,0,0,0,0,0,0
2,16421958616,3,-2988,3032,612.5,0,0,0,0,0,0,0,0,0,0,0,0,0
1,16580000000,3,-0.25854492,-0.10772705,9.7421875,0,0,0,0,0,0,0,0,0,0,0,0,0
2,16621958616,3,-2988,3032,612.5,0,0,0,0,0,0,0,0,0,0,0,0,0
1,16780000000,3,-0.25854492,-0.11730957,9.734375,0,0,0,0,0,0,0,0,0,0,0,0,0
2,16821958616,3,-2990,3030,614,0,0,0,0,0,0,0,0,0,0,0,0,0
1,16980000000,3,-0.2512207,-0.09814453,9.734375,0,0,0,0,0,0,0,0,0,0,0,0,0
2,17021958616,3,-2990,3030,614.5,0,0,0,0,0,0,0,0,0,0,0,0,0
1,17180000000,3,-0.2607422,-0.105285645,9.734375,0,0,0,0,0,0,0,0,0,0,0,0,0
2,17221958616,3,-2990,3030,614.5,0,0,0,0,0,0,0,0,0,0,0,0,0
1,17380000000,3,-0.24658203,-0.09814453,9.75,0,0,0,0,0,0,0,0,0,0,0,0,0
2,17421958616,3,-2990,3030,614,0,0,0,0,0,0,0,0,0,0,0,0,0
1,17580000000,3,-0.25610352,-0.10772705,9.734375,0,0,0,0,0,0,0,0,0,0,0,0,0
2,17621958616,3,-2990,3030,614.5,0,0,0,0,0,0,0,0,0,0,0,0,0
1,17780000000,3,-0.2536621,-0.1005249,9.7265625,0,0,0,0,0,0,0,0,0,0,0,0,0
2,17821958616,3,-2990,3034,606.5,0,0,0,0,0,0,0,0,0,0,0,0,0
1,17980000000,3,-0.265625,-0.11248779,9.734375,0,0,0,0,0,0,0,0,0,0,0,0,0
2,18021958616,3,-2990,3034,607.5,0,0,0,0,0,0,0,0,0,0,0,0,0
1,18180000000,3,-0.2512207,-0.11010742,9.734375,0,0,0,0,0,0,0,0,0,0,0,0,0
2,18221958616,3,-2992,3034,606.5,0,0,0,0,0,0,0,0,0,0,0,0,0
1,18380000000,3,-0.2536621,-0.093322754,9.71875,0,0,0,0,0,0,0,0,0,0,0,0,0
2,18421958616,3,-2992,3034,606.5,0,0,0,0,0,0,0,0,0,0,0,0,0
1,18580000000,3,-0.25610352,-0.105285645,9.734375,0,0,0,0,0,0,0,0,0,0,0,0,0
2,18621958616,3,-2992,3034,606,0,0,0,0,0,0,0,0,0,0,0,0,0
1,18780000000,3,-0.2536621,-0.114868164,9.75,0,0,0,0,0,0,0,0,0,0,0,0,0
2,18821958616,3,-2990,3032,608.5,0,0,0,0,0,0,0,0,0,0,0,0,0
1,18980000000,3,-0.25854492,-0.09814453,9.7265625,0,0,0,0,0,0,0,0,0,0,0,0,0
2,19021958616,3,-2990,3032,609,0,0,0,0,0,0,0,0,0,0,0,0,0
1,19180000000,3,-0.25854492,-0.11968994,9.765625,0,0,0,0,0,0,0,0,0,0,0,0,0
2,19221958616,3,-2990,3032,609,0,0,0,0,0,0,0,0,0,0,0,0,0
1,19380000000,3,-0.2705078,-0.11968994,9.734375,0,0,0,0,0,0,0,0,0,0,0,0,0
2,19421958616,3,-2992,3032,609,0,0,0,0,0,0,0,0,0,0,0,0,0
1,19580000000,3,-0.24169922,-0.10290527,9.734375,0,0,0,0,0,0,0,0,0,0,0,0,0
2,19621958616,3,-2992,3032,608.5,0,0,0,0,0,0,0,0,0,0,0,0,0
1,19800000000,3,-0.24890137,-0.11248779,9.7265625,0,0,0,0,0,0,0,0,0,0,0,0,0
2,19841958616,3,-2990,3034,606.5,0,0,0,0,0,0,0,0,0,0,0,0,0
1,20020000000,3,-0.2536621,-0.11968994,9.734375,0,0,0,0,0,0,0,0,0,0,0,0,0
2,20061958616,3,-2990,3034,606.5,0,0,0,0,0,0,0,0,0,0,0,0,0
1,20240000000,3,-0.2607422,-0.11248779,9.734375,0,0,0,0,0,0,0,0,0,0,0,0,0
2,20281958616,3,-2990,3034,607,0,0,0,0,0,0,0,0,0,0,0,0,0
1,20440000000,3,-0.2631836,-0.10290527,9.734375,0,0,0,0,0,0,0,0,0,0,0,0,0
2,20481958616,3,-2990,3034,607,0,0,0,0,0,0,0,0,0,0,0,0,0
1,20640000000,3,-0.2680664,-0.11248779,9.7421875,0,0,0,0,0,0,0,0,0,0,0,0,0
2,20681958616,3,-2990,3034,606,0,0,0,0,0,0,0,0,0,0,0,0,0
1,20840000000,3,-0.2536621,-0.093322754,9.7421875,0,0,0,0,0,0,0,0,0,0,0,0,0
2,20881958616,3,-2988,3034,604,0,0,0,0,0,0,0,0,0,0,0,0,0
1,21040000000,3,-0.2631836,-0.11248779,9.734375,0,0,0,0,0,0,0,0,0,0,0,0,0
2,21081958616,3,-2988,3034,604.5,0,0,0,0,0,0,0,0,0,0,0,0,0
1,21240000000,3,-0.2536621,-0.10772705,9.75,0,0,0,0,0,0,0,0,0,0,0,0,0
2,21281958616,3,-2990,3032,608,0,0,0,0,0,0,0,0,0,0,0,0,0
1,21440000000,3,-0.2512207,-0.105285645,9.7421875,0,0,0,0,0,0,0,0,0,0,0,0,0
2,21481958616,3,-2990,3032,608.5,0,0,0,0,0,0,0,0,0,0,0,0,0
1,21640000000,3,-0.2512207,-0.1005249,9.7421875,0,0,0,0,0,0,0,0,0,0,0,0,0
2,21681958616,3,-2990,3032,608.5,0,0,0,0,0,0,0,0,0,0,0,0,0
1,21840000000,3,-0.25854492,-0.11968994,9.734375,0,0,0,0,0,0,0,0,0,0,0,0,0
2,21881958616,3,-2988,3034,604.5,0,0,0,0,0,0,0,0,0,0,0,0,0
1,22040000000,3,-0.2512207,-0.083740234,9.7265625,0,0,0,0,0,0,0,0,0,0,0,0,0
2,22081958616,3,-2988,3034,604.5,0,0,0,0,0,0,0,0,0,0,0,0,0
1,22240000000,3,-0.2512207,-0.10772705,9.734375,0,0,0,0,0,0,0,0,0,0,0,0,0
2,22281958616,3,-2990,3034,604,0,0,0,0,0,0,0,0,0,0,0,0,0
1,22440000000,3,-0.2536621,-0.114868164,9.734375,0,0,0,0,0,0,0,0,0,0,0,0,0
2,22481958616,3,-2990,3034,604.5,0,0,0,0,0,0,0,0,0,0,0,0,0
1,22640000000,3,-0.2631836,-0.08856201,9.7265625,0,0,0,0,0,0,0,0,0,0,0,0,0
2,22681958616,3,-2990,3034,604.5,0,0,0,0,0,0,0,0,0,0,0,0,0
1,22840000000,3,-0.25854492,-0.09576416,9.734375,0,0,0,0,0,0,0,0,0,0,0,0,0
2,22881958616,3,-2988,3034,605,0,0,0,0,0,0,0,0,0,0,0,0,0
1,23040000000,3,-0.2607422,-0.09814453,9.75,0,0,0,0,0,0,0,0,0,0,0,0,0
2,23081958616,3,-2988,3034,605,0,0,0,0,0,0,0,0,0,0,0,0,0
1,23240000000,3,-0.24658203,-0.093322754,9.71875,0,0,0,0,0,0,0,0,0,0,0,0,0
2,23281958616,3,-2990,3034,604.5,0,0,0,0,0,0,0,0,0,0,0,0,0
1,23440000000,3,-0.25854492,-0.1005249,9.75,0,0,0,0,0,0,0,0,0,0,0,0,0
2,23481958616,3,-2990,3034,604,0,0,0,0,0,0,0,0,0,0,0,0,0
1,23640000000,3,-0.2631836,-0.105285645,9.734375,0,0,0,0,0,0,0,0,0,0,0,0,0
2,23681958616,3,-2990,3034,604,0,0,0,0,0,0,0,0,0,0,0,0,0
1,23840000000,3,-0.2512207,-0.09576416,9.734375,0,0,0,0,0,0,0,0,0,0,0,0,0
2,23881958616,3,-2988,3032,609,0,0,0,0,0,0,0,0,0,0,0,0,0
1,24040000000,3,-0.25610352,-0.1005249,9.734375,0,0,0,0,0,0,0,0,0,0,0,0,0
2,24081958616,3,-2988,3032,609,0,0,0,0,0,0,0,0,0,0,0,0,0
1,24240000000,3,-0.25610352,-0.093322754,9.7265625,0,0,0,0,0,0,0,0,0,0,0,0,0
2,24281958616,3,-2990,3032,609,0,0,0,0,0,0,0,0,0,0,0,0,0
1,24440000000,3,-0.25610352,-0.09094238,9.734375,0,0,0,0,0,0,0,0,0,0,0,0,0
2,24481958616,3,-2990,3032,609,0,0,0,0,0,0,0,0,0,0,0,0,0
1,24640000000,3,-0.2607422,-0.093322754,9.7578125,0,0,0,0,0,0,0,0,0,0,0,0,0
2,24681958616,3,-2990,3032,609,0,0,0,0,0,0,0,0,0,0,0,0,0
1,24840000000,3,-0.2631836,-0.10290527,9.703125,0,0,0,0,0,0,0,0,0,0,0,0,0
2,24881958616,3,-2988,3036,602,0,0,0,0,0,0,0,0,0,0,0,0,0
1,25040000000,3,-0.25610352,-0.07659912,9.734375,0,0,0,0,0,0,0,0,0,0,0,0,0
2,25081958616,3,-2988,3036,602.5,0,0,0,0,0,0,0,0,0,0,0,0,0
1,25240000000,3,-0.24890137,-0.08618164,9.7578125,0,0,0,0,0,0,0,0,0,0,0,0,0
2,25281958616,3,-2990,3036,602.5,0,0,0,0,0,0,0,0,0,0,0,0,0
1,25440000000,3,-0.2680664,-0.11248779,9.6796875,0,0,0,0,0,0,0,0,0,0,0,0,0
2,25481958616,3,-2954,3036,595.5,0,0,0,0,0,0,0,0,0,0,0,0,0
1,25640000000,3,-0.25854492,-0.09814453,9.7265625,0,0,0,0,0,0,0,0,0,0,0,0,0
2,25681958616,3,-2986,3038,596,0,0,0,0,0,0,0,0,0,0,0,0,0
1,25840000000,3,-0.2680664,-0.11730957,9.75,0,0,0,0,0,0,0,0,0,0,0,0,0
2,25881958616,3,-2968,3044,580.5,0,0,0,0,0,0,0,0,0,0,0,0,0
1,26040000000,3,-0.24658203,-0.09576416,9.734375,0,0,0,0,0,0,0,0,0,0,0,0,0
2,26081958616,3,-2968,3044,581,0,0,0,0,0,0,0,0,0,0,0,0,0
1,26240000000,3,-0.2705078,-0.105285645,9.734375,0,0,0,0,0,0,0,0,0,0,0,0,0
2,26281958616,3,-2972,3042,584,0,0,0,0,0,0,0,0,0,0,0,0,0
1,26440000000,3,-0.2705078,-0.11248779,9.7421875,0,0,0,0,0,0,0,0,0,0,0,0,0
2,26481958616,3,-2972,3042,583.5,0,0,0,0,0,0,0,0,0,0,0,0,0
1,26640000000,3,-0.265625,-0.12445068,9.734375,0,0,0,0,0,0,0,0,0,0,0,0,0
2,26681958616,3,-2962,3044,579.5,0,0,0,0,0,0,0,0,0,0,0,0,0
1,26840000000,3,-0.27514648,-0.11968994,9.7265625,0,0,0,0,0,0,0,0,0,0,0,0,0
2,26881958616,3,-2944,3044,574,0,0,0,0,0,0,0,0,0,0,0,0,0
1,27040000000,3,-0.2705078,-0.114868164,9.7421875,0,0,0,0,0,0,0,0,0,0,0,0,0
2,27081958616,3,-2944,3044,574,0,0,0,0,0,0,0,0,0,0,0,0,0
1,27240000000,3,-0.25610352,-0.114868164,9.765625,0,0,0,0,0,0,0,0,0,0,0,0,0
2,27281958616,3,-2942,3046,570.5,0,0,0,0,0,0,0,0,0,0,0,0,0
1,27440000000,3,-0.265625,-0.114868164,9.765625,0,0,0,0,0,0,0,0,0,0,0,0,0
2,27481958616,3,-2942,3048,566,0,0,0,0,0,0,0,0,0,0,0,0,0
1,27640000000,3,-0.2680664,-0.1005249,9.734375,0,0,0,0,0,0,0,0,0,0,0,0,0
2,27681958616,3,-2932,3050,559,0,0,0,0,0,0,0,0,0,0,0,0,0
1,27840000000,3,-0.24169922,-0.105285645,9.7421875,0,0,0,0,0,0,0,0,0,0,0,0,0
2,27881958616,3,-2904,3060,532.5,0,0,0,0,0,0,0,0,0,0,0,0,0
1,28040000000,3,-0.27270508,-0.11010742,9.734375,0,0,0,0,0,0,0,0,0,0,0,0,0
2,28081958616,3,-2904,3060,532.5,0,0,0,0,0,0,0,0,0,0,0,0,0
1,28240000000,3,-0.2800293,-0.12207031,9.75,0,0,0,0,0,0,0,0,0,0,0,0,0
2,28281958616,3,-2902,3062,528,0,0,0,0,0,0,0,0,0,0,0,0,0
1,28440000000,3,-0.27514648,-0.1340332,9.734375,0,0,0,0,0,0,0,0,0,0,0,0,0
2,28481958616,3,-2900,3064,523.5,0,0,0,0,0,0,0,0,0,0,0,0,0
1,28640000000,3,-0.2680664,-0.12445068,9.71875,0,0,0,0,0,0,0,0,0,0,0,0,0
2,28681958616,3,-2906,3064,526,0,0,0,0,0,0,0,0,0,0,0,0,0
1,28840000000,3,-0.27270508,-0.12927246,9.7578125,0,0,0,0,0,0,0,0,0,0,0,0,0
2,28881958616,3,-2910,3068,519,0,0,0,0,0,0,0,0,0,0,0,0,0
1,29040000000,3,-0.2680664,-0.12445068,9.734375,0,0,0,0,0,0,0,0,0,0,0,0,0
2,29081958616,3,-2910,3066,519.5,0,0,0,0,0,0,0,0,0,0,0,0,0
1,29240000000,3,-0.2800293,-0.11730957,9.7265625,0,0,0,0,0,0,0,0,0,0,0,0,0
2,29281958616,3,-2914,3064,527,0,0,0,0,0,0,0,0,0,0,0,0,0
1,29440000000,3,-0.24890137,-0.12445068,9.75,0,0,0,0,0,0,0,0,0,0,0,0,0
2,29481958616,3,-2922,3060,537,0,0,0,0,0,0,0,0,0,0,0,0,0
1,29640000000,3,-0.2631836,-0.12207031,9.7421875,0,0,0,0,0,0,0,0,0,0,0,0,0
2,29681958616,3,-2916,3062,532.5,0,0,0,0,0,0,0,0,0,0,0,0,0
1,29840000000,3,-0.27514648,-0.11968994,9.734375,0,0,0,0,0,0,0,0,0,0,0,0,0
2,29901958616,3,-2912,3066,521,0,0,0,0,0,0,0,0,0,0,0,0,0
1,30060000000,3,-0.24890137,-0.114868164,9.734375,0,0,0,0,0,0,0,0,0,0,0,0,0
2,30121958616,3,-2912,3066,522,0,0,0,0,0,0,0,0,0,0,0,0,0
1,30280000000,3,-0.265625,-0.10290527,9.75,0,0,0,0,0,0,0,0,0,0,0,0,0
2,30341958616,3,-2912,3066,520,0,0,0,0,0,0,0,0,0,0,0,0,0
1,30500000000,3,-0.2705078,-0.09814453,9.71875,0,0,0,0,0,0,0,0,0,0,0,0,0
2,30541958616,3,-2916,3068,519,0,0,0,0,0,0,0,0,0,0,0,0,0
1,30700000000,3,-0.2631836,-0.105285645,9.734375,0,0,0,0,0,0,0,0,0,0,0,0,0
2,30741958616,3,-2916,3068,518.5,0,0,0,0,0,0,0,0,0,0,0,0,0
1,30900000000,3,-0.24658203,-0.05984497,9.7578125,0,0,0,0,0,0,0,0,0,0,0,0,0
2,30941958616,3,-2722,3106,400.75,0,0,0,0,0,0,0,0,0,0,0,0,0
1,31100000000,3,-0.19384766,-0.22497559,9.71875,0,0,0,0,0,0,0,0,0,0,0,0,0
2,31141958616,3,-2720,3106,400.75,0,0,0,0,0,0,0,0,0,0,0,0,0
1,31300000000,3,-0.20581055,-0.24890137,9.75,0,0,0,0,0,0,0,0,0,0,0,0,0
2,31341958616,3,-2514,3124,328.25,0,0,0,0,0,0,0,0,0,0,0,0,0
1,31500000000,3,-0.24658203,-0.11730957,9.71875,0,0,0,0,0,0,0,0,0,0,0,0,0
2,31541958616,3,-2676,3112,382.75,0,0,0,0,0,0,0,0,0,0,0,0,0
1,31700000000,3,-0.23937988,-0.11010742,9.75,0,0,0,0,0,0,0,0,0,0,0,0,0
2,31741958616,3,-2804,3090,450.5,0,0,0,0,0,0,0,0,0,0,0,0,0
1,31900000000,3,-0.2536621,-0.13635254,9.71875,0,0,0,0,0,0,0,0,0,0,0,0,0
2,31941958616,3,-2880,3062,524,0,0,0,0,0,0,0,0,0,0,0,0,0
1,32100000000,3,-0.32788086,-0.17712402,9.734375,0,0,0,0,0,0,0,0,0,0,0,0,0
2,32141958616,3,-2880,3062,524.5,0,0,0,0,0,0,0,0,0,0,0,0,0
1,32300000000,3,-0.6845703,-0.15319824,9.703125,0,0,0,0,0,0,0,0,0,0,0,0,0
2,32341958616,3,-2816,3060,521.5,0,0,0,0,0,0,0,0,0,0,0,0,0
1,32500000000,3,-0.9477539,0.04547119,10,0,0,0,0,0,0,0,0,0,0,0,0,0
2,32541958616,3,-2914,2994,682.5,0,0,0,0,0,0,0,0,0,0,0,0,0
1,32700000000,3,-2.6054688,-0.48828125,9.203125,0,0,0,0,0,0,0,0,0,0,0,0,0
2,32741958616,3,-3242,2858,1037,0,0,0,0,0,0,0,0,0,0,0,0,0
1,32900000000,3,-4.8007813,-1.0244141,7.6523438,0,0,0,0,0,0,0,0,0,0,0,0,0
2,32941958616,3,-3232,2868,1013.5,0,0,0,0,0,0,0,0,0,0,0,0,0
1,33100000000,3,-8.015625,-2.4765625,4.9570313,0,0,0,0,0,0,0,0,0,0,0,0,0
2,33141958616,3,-3230,2868,1014,0,0,0,0,0,0,0,0,0,0,0,0,0
1,33300000000,3,-7.3398438,-2.3378906,6.8710938,0,0,0,0,0,0,0,0,0,0,0,0,0
2,33341958616,3,-3208,2870,1006.5,0,0,0,0,0,0,0,0,0,0,0,0,0
1,33500000000,3,-3.5957031,-1.5078125,9.828125,0,0,0,0,0,0,0,0,0,0,0,0,0
2,33541958616,3,-3276,2854,1051,0,0,0,0,0,0,0,0,0,0,0,0,0
1,33700000000,3,-0.51220703,0.5385742,9.421875,0,0,0,0,0,0,0,0,0,0,0,0,0
2,33741958616,3,-3278,2846,1069,0,0,0,0,0,0,0,0,0,0,0,0,0
1,33900000000,3,4.0546875,3.9414063,11.2421875,0,0,0,0,0,0,0,0,0,0,0,0,0
2,33941958616,3,-3288,2844,1074,0,0,0,0,0,0,0,0,0,0,0,0,0
1,34100000000,3,3.5664063,3.5527344,9.109375,0,0,0,0,0,0,0,0,0,0,0,0,0
2,34141958616,3,-3290,2844,1075,0,0,0,0,0,0,0,0,0,0,0,0,0
1,34300000000,3,-1.2705078,-0.2631836,7.8828125,0,0,0,0,0,0,0,0,0,0,0,0,0
2,34341958616,3,-3402,2804,1184,0,0,0,0,0,0,0,0,0,0,0,0,0
1,34500000000,3,-0.16992188,0.5649414,9.78125,0,0,0,0,0,0,0,0,0,0,0,0,0
2,34541958616,3,-3452,2784,1237,0,0,0,0,0,0,0,0,0,0,0,0,0
1,34700000000,3,-0.69628906,0.2130127,9.3515625,0,0,0,0,0,0,0,0,0,0,0,0,0
2,34741958616,3,-3430,2800,1196,0,0,0,0,0,0,0,0,0,0,0,0,0
1,34900000000,3,-0.39257813,-0.25854492,9.7578125,0,0,0,0,0,0,0,0,0,0,0,0,0
2,34941958616,3,-3058,3006,678,0,0,0,0,0,0,0,0,0,0,0,0,0
1,35100000000,3,-0.31591797,-0.1340332,9.71875,0,0,0,0,0,0,0,0,0,0,0,0,0
2,35141958616,3,-3058,3006,678,0,0,0,0,0,0,0,0,0,0,0,0,0
1,35300000000,3,-0.2536621,-0.06463623,9.765625,0,0,0,0,0,0,0,0,0,0,0,0,0
2,35341958616,3,-3076,3022,645,0,0,0,0,0,0,0,0,0,0,0,0,0
1,35500000000,3,-0.2607422,-0.07421875,9.7421875,0,0,0,0,0,0,0,0,0,0,0,0,0
2,35541958616,3,-3078,3022,645.5,0,0,0,0,0,0,0,0,0,0,0,0,0
1,35700000000,3,-0.28466797,-0.05505371,9.671875,0,0,0,0,0,0,0,0,0,0,0,0,0
2,35741958616,3,-3078,3022,646.5,0,0,0,0,0,0,0,0,0,0,0,0,0
1,35900000000,3,-0.2705078,-0.12207031,9.765625,0,0,0,0,0,0,0,0,0,0,0,0,0
2,35941958616,3,-3082,3024,643.5,0,0,0,0,0,0,0,0,0,0,0,0,0
1,36100000000,3,-0.24658203,-0.08135986,9.7265625,0,0,0,0,0,0,0,0,0,0,0,0,0
2,36141958616,3,-3082,3024,643,0,0,0,0,0,0,0,0,0,0,0,0,0
1,36300000000,3,-0.2536621,-0.08618164,9.75,0,0,0,0,0,0,0,0,0,0,0,0,0
2,36341958616,3,-3080,3024,643,0,0,0,0,0,0,0,0,0,0,0,0,0
1,36500000000,3,-0.265625,-0.08135986,9.7421875,0,0,0,0,0,0,0,0,0,0,0,0,0
2,36541958616,3,-3082,3024,643.5,0,0,0,0,0,0,0,0,0,0,0,0,0
1,36700000000,3,-0.2705078,-0.07421875,9.734375,0,0,0,0,0,0,0,0,0,0,0,0,0
2,36741958616,3,-3084,3024,643.5,0,0,0,0,0,0,0,0,0,0,0,0,0
1,36900000000,3,-0.2607422,-0.06939697,9.75,0,0,0,0,0,0,0,0,0,0,0,0,0
2,36941958616,3,-3084,3026,639,0,0,0,0,0,0,0,0,0,0,0,0,0
1,37100000000,3,-0.23937988,-0.0670166,9.7421875,0,0,0,0,0,0,0,0,0,0,0,0,0
2,37141958616,3,-3084,3026,639.5,0,0,0,0,0,0,0,0,0,0,0,0,0
1,37300000000,3,-0.24414063,-0.06939697,9.7265625,0,0,0,0,0,0,0,0,0,0,0,0,0
2,37341958616,3,-3084,3026,639.5,0,0,0,0,0,0,0,0,0,0,0,0,0
1,37500000000,3,-0.2536621,-0.071777344,9.734375,0,0,0,0,0,0,0,0,0,0,0,0,0
2,37541958616,3,-3084,3026,639.5,0,0,0,0,0,0,0,0,0,0,0,0,0
1,37700000000,3,-0.25610352,-0.071777344,9.7578125,0,0,0,0,0,0,0,0,0,0,0,0,0
2,37741958616,3,-3084,3026,639.5,0,0,0,0,0,0,0,0,0,0,0,0,0
1,37900000000,3,-0.23937988,-0.08135986,9.75,0,0,0,0,0,0,0,0,0,0,0,0,0
2,37941958616,3,-3086,3026,637,0,0,0,0,0,0,0,0,0,0,0,0,0
1,38100000000,3,-0.24658203,-0.071777344,9.7265625,0,0,0,0,0,0,0,0,0,0,0,0,0
2,38141958616,3,-3086,3026,637.5,0,0,0,0,0,0,0,0,0,0,0,0,0
1,38300000000,3,-0.25610352,-0.07659912,9.7421875,0,0,0,0,0,0,0,0,0,0,0,0,0
2,38341958616,3,-3088,3026,637.5,0,0,0,0,0,0,0,0,0,0,0,0,0
1,38500000000,3,-0.24890137,-0.05984497,9.703125,0,0,0,0,0,0,0,0,0,0,0,0,0
2,38541958616,3,-3086,3026,638,0,0,0,0,0,0,0,0,0,0,0,0,0
1,38700000000,3,-0.27270508,-0.07659912,9.75,0,0,0,0,0,0,0,0,0,0,0,0,0
2,38741958616,3,-3086,3026,638.5,0,0,0,0,0,0,0,0,0,0,0,0,0
1,38900000000,3,-0.23693848,-0.08135986,9.6796875,0,0,0,0,0,0,0,0,0,0,0,0,0
2,38941958616,3,-3086,3022,647.5,0,0,0,0,0,0,0,0,0,0,0,0,0
1,39100000000,3,-0.24658203,-0.07421875,9.734375,0,0,0,0,0,0,0,0,0,0,0,0,0
2,39141958616,3,-3086,3022,648,0,0,0,0,0,0,0,0,0,0,0,0,0
1,39300000000,3,-0.24414063,-0.071777344,9.7578125,0,0,0,0,0,0,0,0,0,0,0,0,0
2,39341958616,3,-3086,3022,647.5,0,0,0,0,0,0,0,0,0,0,0,0,0
1,39500000000,3,-0.25610352,-0.06463623,9.765625,0,0,0,0,0,0,0,0,0,0,0,0,0
2,39541958616,3,-3086,3022,647.5,0,0,0,0,0,0,0,0,0,0,0,0,0
1,39700000000,3,-0.25854492,-0.06463623,9.765625,0,0,0,0,0,0,0,0,0,0,0,0,0
2,39741958616,3,-3086,3022,647.5,0,0,0,0,0,0,0,0,0,0,0,0,0
1,39900000000,3,-0.25610352,-0.07897949,9.75,0,0,0,0,0,0,0,0,0,0,0,0,0
2,39941958616,3,-3082,3024,640.5,0,0,0,0,0,0,0,0,0,0,0,0,0
1,40120000000,3,-0.24890137,-0.06939697,9.7421875,0,0,0,0,0,0,0,0,0,0,0,0,0
2,40161958616,3,-3082,3024,641,0,0,0,0,0,0,0,0,0,0,0,0,0
1,40340000000,3,-0.25854492,-0.052642822,9.75,0,0,0,0,0,0,0,0,0,0,0,0,0
2,40381958616,3,-3084,3024,640.5,0,0,0,0,0,0,0,0,0,0,0,0,0
1,40560000000,3,-0.2607422,-0.07421875,9.734375,0,0,0,0,0,0,0,0,0,0,0,0,0
2,40601958616,3,-3084,3024,640.5,0,0,0,0,0,0,0,0,0,0,0,0,0
1,40780000000,3,-0.25610352,-0.071777344,9.7421875,0,0,0,0,0,0,0,0,0,0,0,0,0
2,40821958616,3,-3084,3024,640.5,0,0,0,0,0,0,0,0,0,0,0,0,0
1,41000000000,3,-0.2536621,-0.06463623,9.75,0,0,0,0,0,0,0,0,0,0,0,0,0
2,41041958616,3,-3084,3024,640.5,0,0,0,0,0,0,0,0,0,0,0,0,0
1,41220000000,3,-0.24658203,-0.071777344,9.7421875,0,0,0,0,0,0,0,0,0,0,0,0,0
2,41261958616,3,-3084,3024,641,0,0,0,0,0,0,0,0,0,0,0,0,0
1,41440000000,3,-0.24890137,-0.071777344,9.765625,0,0,0,0,0,0,0,0,0,0,0,0,0
2,41481958616,3,-3084,3024,643,0,0,0,0,0,0,0,0,0,0,0,0,0
1,41640000000,3,-0.2631836,-0.07421875,9.7265625,0,0,0,0,0,0,0,0,0,0,0,0,0
2,41681958616,3,-3084,3024,642.5,0,0,0,0,0,0,0,0,0,0,0,0,0
1,41840000000,3,-0.25854492,-0.07659912,9.734375,0,0,0,0,0,0,0,0,0,0,0,0,0
2,41881958616,3,-3084,3024,643,0,0,0,0,0,0,0,0,0,0,0,0,0
1,42040000000,3,-0.25610352,-0.08135986,9.765625,0,0,0,0,0,0,0,0,0,0,0,0,0
2,42081958616,3,-3084,3026,636.5,0,0,0,0,0,0,0,0,0,0,0,0,0
1,42240000000,3,-0.2607422,-0.06222534,9.7421875,0,0,0,0,0,0,0,0,0,0,0,0,0
2,42281958616,3,-3084,3026,636.5,0,0,0,0,0,0,0,0,0,0,0,0,0
1,42440000000,3,-0.25610352,-0.06463623,9.7421875,0,0,0,0,0,0,0,0,0,0,0,0,0
2,42481958616,3,-3086,3026,638.5,0,0,0,0,0,0,0,0,0,0,0,0,0
1,42640000000,3,-0.2705078,-0.0670166,9.765625,0,0,0,0,0,0,0,0,0,0,0,0,0
2,42681958616,3,-3086,3026,638.5,0,0,0,0,0,0,0,0,0,0,0,0,0
1,42840000000,3,-0.2512207,-0.08135986,9.7265625,0,0,0,0,0,0,0,0,0,0,0,0,0
2,42881958616,3,-3084,3026,639,0,0,0,0,0,0,0,0,0,0,0,0,0
1,43040000000,3,-0.24169922,-0.0670166,9.71875,0,0,0,0,0,0,0,0,0,0,0,0,0
2,43081958616,3,-3086,3028,634,0,0,0,0,0,0,0,0,0,0,0,0,0
1,43240000000,3,-0.2705078,-0.07897949,9.734375,0,0,0,0,0,0,0,0,0,0,0,0,0
2,43281958616,3,-3086,3028,635,0,0,0,0,0,0,0,0,0,0,0,0,0
1,43440000000,3,-0.2680664,-0.07897949,9.765625,0,0,0,0,0,0,0,0,0,0,0,0,0
2,43481958616,3,-3086,3028,634.5,0,0,0,0,0,0,0,0,0,0,0,0,0
1,43640000000,3,-0.2536621,-0.07421875,9.7578125,0,0,0,0,0,0,0,0,0,0,0,0,0
2,43681958616,3,-3086,3028,634,0,0,0,0,0,0,0,0,0,0,0,0,0
1,43840000000,3,-0.2512207,-0.06463623,9.7265625,0,0,0,0,0,0,0,0,0,0,0,0,0
2,43881958616,3,-3086,3028,634.5,0,0,0,0,0,0,0,0,0,0,0,0,0
1,44040000000,3,-0.2631836,-0.0670166,9.734375,0,0,0,0,0,0,0,0,0,0,0,0,0
2,44081958616,3,-3088,3030,628.5,0,0,0,0,0,0,0,0,0,0,0,0,0
1,44240000000,3,-0.265625,-0.07897949,9.75,0,0,0,0,0,0,0,0,0,0,0,0,0
2,44281958616,3,-3088,3030,629.5,0,0,0,0,0,0,0,0,0,0,0,0,0
1,44440000000,3,-0.24890137,-0.05984497,9.7421875,0,0,0,0,0,0,0,0,0,0,0,0,0
2,44481958616,3,-3088,3030,629,0,0,0,0,0,0,0,0,0,0,0,0,0
1,44640000000,3,-0.24169922,-0.07421875,9.75,0,0,0,0,0,0,0,0,0,0,0,0,0
2,44681958616,3,-3088,3030,628.5,0,0,0,0,0,0,0,0,0,0,0,0,0
1,44840000000,3,-0.24414063,-0.07897949,9.734375,0,0,0,0,0,0,0,0,0,0,0,0,0
2,44881958616,3,-3088,3030,628.5,0,0,0,0,0,0,0,0,0,0,0,0,0
1,45040000000,3,-0.2536621,-0.08135986,9.75,0,0,0,0,0,0,0,0,0,0,0,0,0
2,45081958616,3,-3088,3032,627,0,0,0,0,0,0,0,0,0,0,0,0,0
1,45240000000,3,-0.25610352,-0.07659912,9.7578125,0,0,0,0,0,0,0,0,0,0,0,0,0
2,45281958616,3,-3088,3030,627.5,0,0,0,0,0,0,0,0,0,0,0,0,0
1,45440000000,3,-0.25610352,-0.07897949,9.7421875,0,0,0,0,0,0,0,0,0,0,0,0,0
2,45481958616,3,-3088,3030,627.5,0,0,0,0,0,0,0,0,0,0,0,0,0
1,45640000000,3,-0.2680664,-0.05984497,9.71875,0,0,0,0,0,0,0,0,0,0,0,0,0
2,45681958616,3,-3088,3030,627.5,0,0,0,0,0,0,0,0,0,0,0,0,0
1,45840000000,3,-0.2512207,-0.071777344,9.734375,0,0,0,0,0,0,0,0,0,0,0,0,0
2,45881958616,3,-3088,3032,627.5,0,0,0,0,0,0,0,0,0,0,0,0,0
1,46040000000,3,-0.25610352,-0.06222534,9.734375,0,0,0,0,0,0,0,0,0,0,0,0,0
2,46081958616,3,-3086,3030,630.5,0,0,0,0,0,0,0,0,0,0,0,0,0
1,46240000000,3,-0.25854492,-0.07659912,9.734375,0,0,0,0,0,0,0,0,0,0,0,0,0
2,46281958616,3,-3086,3030,631,0,0,0,0,0,0,0,0,0,0,0,0,0
1,46440000000,3,-0.23937988,-0.07659912,9.734375,0,0,0,0,0,0,0,0,0,0,0,0,0
2,46481958616,3,-3088,3030,630.5,0,0,0,0,0,0,0,0,0,0,0,0,0
1,46640000000,3,-0.24890137,-0.06463623,9.7421875,0,0,0,0,0,0,0,0,0,0,0,0,0
2,46681958616,3,-3088,3030,631,0,0,0,0,0,0,0,0,0,0,0,0,0
1,46840000000,3,-0.2512207,-0.08135986,9.734375,0,0,0,0,0,0,0,0,0,0,0,0,0
2,46881958616,3,-3088,3030,631,0,0,0,0,0,0,0,0,0,0,0,0,0
1,47040000000,3,-0.2631836,-0.07659912,9.734375,0,0,0,0,0,0,0,0,0,0,0,0,0
2,47081958616,3,-3086,3030,627,0,0,0,0,0,0,0,0,0,0,0,0,0
1,47240000000,3,-0.24414063,-0.07659912,9.7265625,0,0,0,0,0,0,0,0,0,0,0,0,0
2,47281958616,3,-3086,3030,627.5,0,0,0,0,0,0,0,0,0,0,0,0,0
1,47440000000,3,-0.25854492,-0.07421875,9.7421875,0,0,0,0,0,0,0,0,0,0,0,0,0
2,47481958616,3,-3088,3030,627.5,0,0,0,0,0,0,0,0,0,0,0,0,0
1,47640000000,3,-0.23217773,-0.08135986,9.7578125,0,0,0,0,0,0,0,0,0,0,0,0,0
2,47681958616,3,-3088,3030,627,0,0,0,0,0,0,0,0,0,0,0,0,0
1,47840000000,3,-0.2512207,-0.0670166,9.71875,0,0,0,0,0,0,0,0,0,0,0,0,0
2,47881958616,3,-3088,3030,627.5,0,0,0,0,0,0,0,0,0,0,0,0,0
1,48040000000,3,-0.25610352,-0.06463623,9.75,0,0,0,0,0,0,0,0,0,0,0,0,0
2,48081958616,3,-3086,3028,634.5,0,0,0,0,0,0,0,0,0,0,0,0,0
1,48240000000,3,-0.2607422,-0.0670166,9.734375,0,0,0,0,0,0,0,0,0,0,0,0,0
2,48281958616,3,-3086,3028,635,0,0,0,0,0,0,0,0,0,0,0,0,0
1,48440000000,3,-0.265625,-0.06939697,9.734375,0,0,0,0,0,0,0,0,0,0,0,0,0
2,48481958616,3,-3088,3028,635.5,0,0,0,0,0,0,0,0,0,0,0,0,0
1,48640000000,3,-0.2512207,-0.052642822,9.75,0,0,0,0,0,0,0,0,0,0,0,0,0
2,48681958616,3,-3088,3028,635,0,0,0,0,0,0,0,0,0,0,0,0,0
