Type,Timestamp/ms,Dimension,X,Y,Z,A,B,C,D,E,F,G,H,I,J,K,L,M
1,0,3,1.150528,3.9548645,8.823715,0,0,0,0,0,0,0,0,0,0,0,0,0
9,1,3,1.1625568,3.9862263,8.884191,0,0,0,0,0,0,0,0,0,0,0,0,0
1,363,3,1.1744843,3.9354706,8.821564,0,0,0,0,0,0,0,0,0,0,0,0,0
9,364,3,1.1679139,3.9772978,8.887489,0,0,0,0,0,0,0,0,0,0,0,0,0
1,562,3,1.1289825,3.9378815,8.833527,0,0,0,0,0,0,0,0,0,0,0,0,0
9,564,3,1.1556268,3.9720082,8.89146,0,0,0,0,0,0,0,0,0,0,0,0,0
1,760,3,1.1636963,3.888794,8.862259,0,0,0,0,0,0,0,0,0,0,0,0,0
9,760,3,1.1627,3.9413962,8.904151,0,0,0,0,0,0,0,0,0,0,0,0,0
9,962,3,1.158558,3.947549,8.901965,0,0,0,0,0,0,0,0,0,0,0,0,0
1,963,3,1.1469421,3.9426575,8.834732,0,0,0,0,0,0,0,0,0,0,0,0,0
1,1163,3,1.1397552,3.9594269,8.817963,0,0,0,0,0,0,0,0,0,0,0,0,0
9,1164,3,1.1559113,3.9603343,8.896628,0,0,0,0,0,0,0,0,0,0,0,0,0
9,1460,3,1.1511377,3.9577022,8.898419,0,0,0,0,0,0,0,0,0,0,0,0,0
1,1461,3,1.1380768,3.9177551,8.832336,0,0,0,0,0,0,0,0,0,0,0,0,0
1,1660,3,1.1483765,3.9156036,8.842621,0,0,0,0,0,0,0,0,0,0,0,0,0
9,1661,3,1.1553594,3.948728,8.901858,0,0,0,0,0,0,0,0,0,0,0,0,0
1,1859,3,1.1455078,3.9100952,8.839996,0,0,0,0,0,0,0,0,0,0,0,0,0
9,1860,3,1.1527836,3.9499168,8.901665,0,0,0,0,0,0,0,0,0,0,0,0,0
1,2062,3,1.1502838,3.9084167,8.8364105,0,0,0,0,0,0,0,0,0,0,0,0,0
9,2063,3,1.1551483,3.946323,8.902952,0,0,0,0,0,0,0,0,0,0,0,0,0
1,2398,3,1.1361694,3.909134,8.876617,0,0,0,0,0,0,0,0,0,0,0,0,0
9,2398,3,1.1542774,3.9392853,8.906181,0,0,0,0,0,0,0,0,0,0,0,0,0
1,2600,3,1.1565094,3.8935852,8.857468,0,0,0,0,0,0,0,0,0,0,0,0,0
9,2601,3,1.1566314,3.9336476,8.908368,0,0,0,0,0,0,0,0,0,0,0,0,0
1,2799,3,1.1625061,3.9235077,8.841919,0,0,0,0,0,0,0,0,0,0,0,0,0
9,2800,3,1.1628587,3.9390128,8.905186,0,0,0,0,0,0,0,0,0,0,0,0,0
1,3000,3,1.1265869,3.9175262,8.861053,0,0,0,0,0,0,0,0,0,0,0,0,0
9,3001,3,1.1544608,3.9377258,8.906847,0,0,0,0,0,0,0,0,0,0,0,0,0
1,3199,3,1.1828461,3.9115295,8.92691,0,0,0,0,0,0,0,0,0,0,0,0,0
9,3203,3,1.1629473,3.9280503,8.910014,0,0,0,0,0,0,0,0,0,0,0,0,0
1,3498,3,1.1483765,3.9065094,8.844788,0,0,0,0,0,0,0,0,0,0,0,0,0
9,3499,3,1.1600806,3.9317427,8.90876,0,0,0,0,0,0,0,0,0,0,0,0,0
1,3698,3,1.1433411,3.917282,8.836639,0,0,0,0,0,0,0,0,0,0,0,0,0
9,3698,3,1.1612744,3.9365256,8.906491,0,0,0,0,0,0,0,0,0,0,0,0,0
9,3898,3,1.1651357,3.931651,8.90814,0,0,0,0,0,0,0,0,0,0,0,0,0
1,3898,3,1.1543579,3.901245,8.841431,0,0,0,0,0,0,0,0,0,0,0,0,0
1,4097,3,1.1538849,3.9007568,8.846451,0,0,0,0,0,0,0,0,0,0,0,0,0
9,4098,3,1.1636932,3.9296186,8.909225,0,0,0,0,0,0,0,0,0,0,0,0,0
9,4437,3,1.1606557,3.922184,8.912897,0,0,0,0,0,0,0,0,0,0,0,0,0
1,4438,3,1.150528,3.8851929,8.8802185,0,0,0,0,0,0,0,0,0,0,0,0,0
9,4636,3,1.1580455,3.930707,8.909481,0,0,0,0,0,0,0,0,0,0,0,0,0
1,4637,3,1.1481476,3.9235077,8.863449,0,0,0,0,0,0,0,0,0,0,0,0,0
1,4841,3,1.1577148,3.8828125,8.796417,0,0,0,0,0,0,0,0,0,0,0,0,0
9,4843,3,1.1659139,3.9308164,8.908406,0,0,0,0,0,0,0,0,0,0,0,0,0
9,5038,3,1.1696435,3.9378943,8.904792,0,0,0,0,0,0,0,0,0,0,0,0,0
1,5040,3,1.158905,3.9187164,8.817963,0,0,0,0,0,0,0,0,0,0,0,0,0
1,5236,3,1.1756744,3.8911896,8.798813,0,0,0,0,0,0,0,0,0,0,0,0,0
9,5237,3,1.1765966,3.9305236,8.907132,0,0,0,0,0,0,0,0,0,0,0,0,0
1,5435,3,1.1565247,3.8612518,8.844315,0,0,0,0,0,0,0,0,0,0,0,0,0
9,5436,3,1.1826369,3.8904731,8.9239,0,0,0,0,0,0,0,0,0,0,0,0,0
9,5635,3,1.1806401,3.8724606,8.931994,0,0,0,0,0,0,0,0,0,0,0,0,0
1,5636,3,1.145752,3.842102,8.834732,0,0,0,0,0,0,0,0,0,0,0,0,0
1,5835,3,1.1912384,3.8145752,8.888596,0,0,0,0,0,0,0,0,0,0,0,0,0
9,5836,3,1.188075,3.8624918,8.935325,0,0,0,0,0,0,0,0,0,0,0,0,0
1,6034,3,1.1517334,3.8540802,8.843109,0,0,0,0,0,0,0,0,0,0,0,0,0
9,6035,3,1.1821371,3.8868742,8.925533,0,0,0,0,0,0,0,0,0,0,0,0,0
1,6237,3,1.1864471,3.826538,8.843109,0,0,0,0,0,0,0,0,0,0,0,0,0
9,6238,3,1.1878654,3.892195,8.922455,0,0,0,0,0,0,0,0,0,0,0,0,0
1,6534,3,1.1864471,3.8828125,8.9197235,0,0,0,0,0,0,0,0,0,0,0,0,0
9,6535,3,1.1906242,3.8951051,8.920816,0,0,0,0,0,0,0,0,0,0,0,0,0
1,6734,3,1.2235565,3.8397064,8.931686,0,0,0,0,0,0,0,0,0,0,0,0,0
9,6735,3,1.2011306,3.8808286,8.925629,0,0,0,0,0,0,0,0,0,0,0,0,0
1,6934,3,1.190033,3.8684387,8.902954,0,0,0,0,0,0,0,0,0,0,0,0,0
9,6935,3,1.1976718,3.8809118,8.926057,0,0,0,0,0,0,0,0,0,0,0,0,0
1,7135,3,1.2175751,3.8432922,8.890991,0,0,0,0,0,0,0,0,0,0,0,0,0
9,7136,3,1.2046645,3.8767686,8.926916,0,0,0,0,0,0,0,0,0,0,0,0,0
1,7533,3,1.1811676,3.8710785,8.851959,0,0,0,0,0,0,0,0,0,0,0,0,0
9,7534,3,1.197945,3.8852115,8.9241495,0,0,0,0,0,0,0,0,0,0,0,0,0
1,7732,3,1.1620178,3.8713074,8.853394,0,0,0,0,0,0,0,0,0,0,0,0,0
9,7733,3,1.1895088,3.8873668,8.924339,0,0,0,0,0,0,0,0,0,0,0,0,0
1,7932,3,1.178299,3.8729858,8.854111,0,0,0,0,0,0,0,0,0,0,0,0,0
9,7933,3,1.1882881,3.8947957,8.921264,0,0,0,0,0,0,0,0,0,0,0,0,0
1,8131,3,1.1601105,3.8725128,8.859863,0,0,0,0,0,0,0,0,0,0,0,0,0
9,8133,3,1.1816084,3.896917,8.921223,0,0,0,0,0,0,0,0,0,0,0,0,0
1,8330,3,1.1565247,3.8741913,8.847412,0,0,0,0,0,0,0,0,0,0,0,0,0
9,8333,3,1.1755655,3.899197,8.921025,0,0,0,0,0,0,0,0,0,0,0,0,0
1,8553,3,1.1493378,3.8612518,8.898178,0,0,0,0,0,0,0,0,0,0,0,0,0
9,8554,3,1.1691207,3.891294,8.925323,0,0,0,0,0,0,0,0,0,0,0,0,0
1,8751,3,1.1780701,3.842102,8.910141,0,0,0,0,0,0,0,0,0,0,0,0,0
9,8752,3,1.174443,3.8772218,8.930746,0,0,0,0,0,0,0,0,0,0,0,0,0
9,8950,3,1.1514708,3.88896,8.928634,0,0,0,0,0,0,0,0,0,0,0,0,0
1,8951,3,1.0966644,3.881607,8.850296,0,0,0,0,0,0,0,0,0,0,0,0,0
1,9152,3,1.1960144,3.8899841,8.894577,0,0,0,0,0,0,0,0,0,0,0,0,0
9,9153,3,1.1705221,3.8892934,8.92601,0,0,0,0,0,0,0,0,0,0,0,0,0
1,9352,3,1.2008057,3.8456879,8.876633,0,0,0,0,0,0,0,0,0,0,0,0,0
9,9354,3,1.1831399,3.8857555,8.925888,0,0,0,0,0,0,0,0,0,0,0,0,0
1,9651,3,1.1569977,3.861023,8.86058,0,0,0,0,0,0,0,0,0,0,0,0,0
9,9652,3,1.178134,3.8882828,8.925449,0,0,0,0,0,0,0,0,0,0,0,0,0
9,9850,3,1.1769617,3.8881276,8.925672,0,0,0,0,0,0,0,0,0,0,0,0,0
1,9851,3,1.1672821,3.858139,8.862976,0,0,0,0,0,0,0,0,0,0,0,0,0
1,10049,3,1.1517334,3.8751373,8.854828,0,0,0,0,0,0,0,0,0,0,0,0,0
9,10050,3,1.1709483,3.8950253,8.923455,0,0,0,0,0,0,0,0,0,0,0,0,0
1,10248,3,1.1682434,3.8567047,8.855789,0,0,0,0,0,0,0,0,0,0,0,0,0
9,10249,3,1.1757214,3.8922708,8.924029,0,0,0,0,0,0,0,0,0,0,0,0,0
1,10588,3,1.1636963,3.8504791,8.858673,0,0,0,0,0,0,0,0,0,0,0,0,0
9,10589,3,1.1750535,3.8887925,8.925633,0,0,0,0,0,0,0,0,0,0,0,0,0
1,10787,3,1.1780701,3.8241577,8.876617,0,0,0,0,0,0,0,0,0,0,0,0,0
9,10788,3,1.1796377,3.8752506,8.930918,0,0,0,0,0,0,0,0,0,0,0,0,0
1,10988,3,1.1636963,3.87323,8.86586,0,0,0,0,0,0,0,0,0,0,0,0,0
9,10989,3,1.1779115,3.8842573,8.927231,0,0,0,0,0,0,0,0,0,0,0,0,0
1,11187,3,1.1672974,3.8672333,8.853882,0,0,0,0,0,0,0,0,0,0,0,0,0
9,11188,3,1.1793134,3.8877978,8.925506,0,0,0,0,0,0,0,0,0,0,0,0,0
1,11387,3,1.1397552,3.857666,8.856277,0,0,0,0,0,0,0,0,0,0,0,0,0
9,11388,3,1.1705612,3.8844438,8.928117,0,0,0,0,0,0,0,0,0,0,0,0,0
1,11587,3,1.3013611,3.904358,8.98436,0,0,0,0,0,0,0,0,0,0,0,0,0
9,11588,3,1.1479688,3.9344,8.909156,0,0,0,0,0,0,0,0,0,0,0,0,0
1,11786,3,0.31495667,3.2722778,8.479187,0,0,0,0,0,0,0,0,0,0,0,0,0
9,11787,3,0.38316494,3.8728945,9.001348,0,0,0,0,0,0,0,0,0,0,0,0,0
1,11987,3,0.20721436,3.6134644,8.661148,0,0,0,0,0,0,0,0,0,0,0,0,0
9,11988,3,-0.33417782,4.061827,8.919656,0,0,0,0,0,0,0,0,0,0,0,0,0
1,12188,3,-1.4160614,3.746338,7.857895,0,0,0,0,0,0,0,0,0,0,0,0,0
9,12189,3,-3.8717377,3.9119842,8.116428,0,0,0,0,0,0,0,0,0,0,0,0,0
9,12389,3,-4.673786,4.05778,7.6066113,0,0,0,0,0,0,0,0,0,0,0,0,0
1,12390,3,-5.4490814,4.146164,7.636429,0,0,0,0,0,0,0,0,0,0,0,0,0
1,12686,3,-4.9431915,3.4355621,7.8495026,0,0,0,0,0,0,0,0,0,0,0,0,0
9,12687,3,-4.7721534,2.8758588,8.070091,0,0,0,0,0,0,0,0,0,0,0,0,0
1,12885,3,-4.782776,3.1231232,7.826294,0,0,0,0,0,0,0,0,0,0,0,0,0
9,12886,3,-4.617361,3.0610456,8.091994,0,0,0,0,0,0,0,0,0,0,0,0,0
1,13085,3,-5.118927,3.4532776,7.7618866,0,0,0,0,0,0,0,0,0,0,0,0,0
9,13086,3,-3.9153736,3.3755798,8.333408,0,0,0,0,0,0,0,0,0,0,0,0,0
1,13283,3,-1.6360779,3.4259949,8.444,0,0,0,0,0,0,0,0,0,0,0,0,0
9,13284,3,-0.38562185,4.451781,8.729452,0,0,0,0,0,0,0,0,0,0,0,0,0
1,13484,3,0.28718567,3.6934204,8.990829,0,0,0,0,0,0,0,0,0,0,0,0,0
9,13485,3,1.023035,3.0014164,9.279833,0,0,0,0,0,0,0,0,0,0,0,0,0
1,13685,3,2.4601593,2.2703094,9.030579,0,0,0,0,0,0,0,0,0,0,0,0,0
9,13686,3,2.6866372,2.122338,9.189563,0,0,0,0,0,0,0,0,0,0,0,0,0
1,13886,3,3.5638885,1.9913788,9.202469,0,0,0,0,0,0,0,0,0,0,0,0,0
9,13887,3,4.0548844,2.2214649,8.648317,0,0,0,0,0,0,0,0,0,0,0,0,0
9,14083,3,5.2856154,2.5926437,7.842885,0,0,0,0,0,0,0,0,0,0,0,0,0
1,14084,3,4.9592285,2.4594421,7.831314,0,0,0,0,0,0,0,0,0,0,0,0,0
1,14284,3,5.7313538,2.8944702,7.4815216,0,0,0,0,0,0,0,0,0,0,0,0,0
9,14285,3,5.843486,2.959733,7.2982216,0,0,0,0,0,0,0,0,0,0,0,0,0
1,14482,3,5.0341644,3.5346832,7.2361145,0,0,0,0,0,0,0,0,0,0,0,0,0
9,14484,3,3.926453,3.8270657,8.130616,0,0,0,0,0,0,0,0,0,0,0,0,0
1,14682,3,2.2628784,3.711609,8.650131,0,0,0,0,0,0,0,0,0,0,0,0,0
9,14683,3,1.0849279,3.2670405,9.182578,0,0,0,0,0,0,0,0,0,0,0,0,0
1,14884,3,-0.019042969,3.253128,9.309021,0,0,0,0,0,0,0,0,0,0,0,0,0
9,14886,3,-0.42694354,3.220105,9.253055,0,0,0,0,0,0,0,0,0,0,0,0,0
9,15083,3,-2.0444887,3.9774375,8.727568,0,0,0,0,0,0,0,0,0,0,0,0,0
1,15084,3,-1.0650635,3.4259796,9.223068,0,0,0,0,0,0,0,0,0,0,0,0,0
1,15282,3,-2.3361511,4.3614044,7.926834,0,0,0,0,0,0,0,0,0,0,0,0,0
9,15283,3,-1.2149799,4.1169233,8.817322,0,0,0,0,0,0,0,0,0,0,0,0,0
1,15481,3,0.47824097,3.2579193,9.252747,0,0,0,0,0,0,0,0,0,0,0,0,0
9,15484,3,1.9272723,2.7546751,9.212371,0,0,0,0,0,0,0,0,0,0,0,0,0
1,15681,3,2.9708405,2.542282,8.911819,0,0,0,0,0,0,0,0,0,0,0,0,0
9,15682,3,2.9737277,2.8585048,8.896981,0,0,0,0,0,0,0,0,0,0,0,0,0
1,15881,3,1.5769348,3.0304718,9.146683,0,0,0,0,0,0,0,0,0,0,0,0,0
9,15882,3,0.45562917,3.2211995,9.251306,0,0,0,0,0,0,0,0,0,0,0,0,0
1,16080,3,-0.64152527,3.4295807,8.971909,0,0,0,0,0,0,0,0,0,0,0,0,0
9,16083,3,-1.4483734,3.7273898,8.954282,0,0,0,0,0,0,0,0,0,0,0,0,0
1,16280,3,-1.513977,3.714737,8.823227,0,0,0,0,0,0,0,0,0,0,0,0,0
9,16281,3,-0.9691997,3.812925,8.982908,0,0,0,0,0,0,0,0,0,0,0,0,0
1,16480,3,0.478714,3.304367,9.180923,0,0,0,0,0,0,0,0,0,0,0,0,0
9,16481,3,1.8186104,2.894355,9.191614,0,0,0,0,0,0,0,0,0,0,0,0,0
1,16680,3,1.759613,2.758728,9.151474,0,0,0,0,0,0,0,0,0,0,0,0,0
9,16681,3,1.1785716,2.842799,9.3112755,0,0,0,0,0,0,0,0,0,0,0,0,0
9,16881,3,-1.1846253,3.6760385,9.014089,0,0,0,0,0,0,0,0,0,0,0,0,0
1,16882,3,-0.27546692,3.1494598,9.110062,0,0,0,0,0,0,0,0,0,0,0,0,0
1,17084,3,-0.44544983,3.1571198,8.960175,0,0,0,0,0,0,0,0,0,0,0,0,0
9,17086,3,1.0517961,2.6128798,9.393454,0,0,0,0,0,0,0,0,0,0,0,0,0
1,17279,3,0.9412842,2.48674,9.992081,0,0,0,0,0,0,0,0,0,0,0,0,0
9,17280,3,0.7994274,2.6783752,9.399874,0,0,0,0,0,0,0,0,0,0,0,0,0
1,17478,3,0.0022735596,3.6158447,8.511261,0,0,0,0,0,0,0,0,0,0,0,0,0
9,17480,3,-0.5743912,4.66755,8.605489,0,0,0,0,0,0,0,0,0,0,0,0,0
1,17678,3,0.0975647,3.4010925,8.502167,0,0,0,0,0,0,0,0,0,0,0,0,0
9,17680,3,1.5076405,2.2414937,9.427254,0,0,0,0,0,0,0,0,0,0,0,0,0
1,17879,3,1.0890045,2.1640015,10.545853,0,0,0,0,0,0,0,0,0,0,0,0,0
9,17880,3,0.5563385,3.6667497,9.078317,0,0,0,0,0,0,0,0,0,0,0,0,0
1,18077,3,-0.18136597,4.285263,7.8016205,0,0,0,0,0,0,0,0,0,0,0,0,0
9,18078,3,-0.20533982,4.606629,8.654894,0,0,0,0,0,0,0,0,0,0,0,0,0
1,18278,3,0.5354614,3.0503387,9.175903,0,0,0,0,0,0,0,0,0,0,0,0,0
9,18279,3,1.7956641,1.8806492,9.455641,0,0,0,0,0,0,0,0,0,0,0,0,0
1,18477,3,1.0061646,2.2794037,10.21666,0,0,0,0,0,0,0,0,0,0,0,0,0
9,18478,3,0.094820425,4.3312225,8.797835,0,0,0,0,0,0,0,0,0,0,0,0,0
1,18677,3,-0.54145813,4.473694,7.1607056,0,0,0,0,0,0,0,0,0,0,0,0,0
9,18678,3,-0.10450603,4.204517,8.858978,0,0,0,0,0,0,0,0,0,0,0,0,0
1,18875,3,0.67456055,2.5245667,9.831665,0,0,0,0,0,0,0,0,0,0,0,0,0
9,18875,3,1.7120826,1.8722849,9.472788,0,0,0,0,0,0,0,0,0,0,0,0,0
1,19076,3,1.2441406,2.0215454,10.340683,0,0,0,0,0,0,0,0,0,0,0,0,0
9,19078,3,0.55493987,3.602753,9.103988,0,0,0,0,0,0,0,0,0,0,0,0,0
1,19277,3,-0.4954834,4.4753723,7.017761,0,0,0,0,0,0,0,0,0,0,0,0,0
9,19278,3,0.11461236,4.61005,8.65475,0,0,0,0,0,0,0,0,0,0,0,0,0
1,19475,3,0.26036072,2.7048492,9.670776,0,0,0,0,0,0,0,0,0,0,0,0,0
9,19477,3,0.8764451,1.9294696,9.574935,0,0,0,0,0,0,0,0,0,0,0,0,0
1,19675,3,0.6403198,1.9413452,10.795334,0,0,0,0,0,0,0,0,0,0,0,0,0
9,19676,3,0.25816485,3.7745688,9.04745,0,0,0,0,0,0,0,0,0,0,0,0,0
1,19877,3,-0.20075989,4.5874176,7.131729,0,0,0,0,0,0,0,0,0,0,0,0,0
9,19879,3,0.8476191,4.1716657,8.834541,0,0,0,0,0,0,0,0,0,0,0,0,0
9,20076,3,0.5425743,4.8446746,8.509121,0,0,0,0,0,0,0,0,0,0,0,0,0
1,20077,3,0.5522156,4.062851,9.205826,0,0,0,0,0,0,0,0,0,0,0,0,0
1,20274,3,-0.5206299,5.210861,8.126038,0,0,0,0,0,0,0,0,0,0,0,0,0
9,20275,3,-0.23794535,5.7332354,7.9525967,0,0,0,0,0,0,0,0,0,0,0,0,0
9,20475,3,-0.9891006,8.013414,5.5657206,0,0,0,0,0,0,0,0,0,0,0,0,0
1,20476,3,-1.0763245,6.7465057,7.4817657,0,0,0,0,0,0,0,0,0,0,0,0,0
1,20675,3,-1.1371307,8.475601,3.4489746,0,0,0,0,0,0,0,0,0,0,0,0,0
9,20676,3,-1.0575914,8.513888,4.750326,0,0,0,0,0,0,0,0,0,0,0,0,0
1,20875,3,-1.3913879,8.540237,4.8641815,0,0,0,0,0,0,0,0,0,0,0,0,0
9,20876,3,-1.1512042,8.460808,4.8228455,0,0,0,0,0,0,0,0,0,0,0,0,0
1,21075,3,-1.4570007,8.52803,4.5713654,0,0,0,0,0,0,0,0,0,0,0,0,0
9,21076,3,-1.1665353,8.474169,4.795628,0,0,0,0,0,0,0,0,0,0,0,0,0
1,21274,3,-1.4806976,8.545273,4.628113,0,0,0,0,0,0,0,0,0,0,0,0,0
9,21275,3,-1.2014059,8.468951,4.7962356,0,0,0,0,0,0,0,0,0,0,0,0,0
9,21475,3,-1.2158065,8.464294,4.8008246,0,0,0,0,0,0,0,0,0,0,0,0,0
1,21476,3,-1.5072784,8.5208435,4.6352997,0,0,0,0,0,0,0,0,0,0,0,0,0
9,21672,3,-1.298544,8.488514,4.735958,0,0,0,0,0,0,0,0,0,0,0,0,0
1,21673,3,-1.4794922,8.528748,4.616379,0,0,0,0,0,0,0,0,0,0,0,0,0
9,21873,3,-1.3574666,8.498177,4.701985,0,0,0,0,0,0,0,0,0,0,0,0,0
1,21874,3,-1.4775848,8.526596,4.620926,0,0,0,0,0,0,0,0,0,0,0,0,0
9,22074,3,-1.3941833,8.502542,4.683314,0,0,0,0,0,0,0,0,0,0,0,0,0
1,22075,3,-1.4682465,8.521561,4.640564,0,0,0,0,0,0,0,0,0,0,0,0,0
1,22272,3,-1.4833374,8.522766,4.655884,0,0,0,0,0,0,0,0,0,0,0,0,0
9,22273,3,-1.4247377,8.501045,4.676829,0,0,0,0,0,0,0,0,0,0,0,0,0
1,22473,3,-1.477356,8.517258,4.6587524,0,0,0,0,0,0,0,0,0,0,0,0,0
9,22474,3,-1.4338936,8.500916,4.674267,0,0,0,0,0,0,0,0,0,0,0,0,0
1,22792,3,-1.3693695,8.541916,4.7131042,0,0,0,0,0,0,0,0,0,0,0,0,0
9,22794,3,-1.4101167,8.496257,4.689943,0,0,0,0,0,0,0,0,0,0,0,0,0
1,22992,3,-1.4795074,8.511993,4.766983,0,0,0,0,0,0,0,0,0,0,0,0,0
9,22993,3,-1.4268658,8.48273,4.7093244,0,0,0,0,0,0,0,0,0,0,0,0,0
1,23190,3,-1.4244385,8.514389,4.71669,0,0,0,0,0,0,0,0,0,0,0,0,0
9,23192,3,-1.4273131,8.48168,4.7110806,0,0,0,0,0,0,0,0,0,0,0,0,0
1,23390,3,-1.4878845,8.488052,4.6628265,0,0,0,0,0,0,0,0,0,0,0,0,0
9,23395,3,-1.4494351,8.483898,4.700319,0,0,0,0,0,0,0,0,0,0,0,0,0
1,23691,3,-1.4617767,8.502411,4.716934,0,0,0,0,0,0,0,0,0,0,0,0,0
9,23693,3,-1.4549145,8.476847,4.711336,0,0,0,0,0,0,0,0,0,0,0,0,0
1,23890,3,-1.4407196,8.464111,4.727234,0,0,0,0,0,0,0,0,0,0,0,0,0
9,23891,3,-1.4496394,8.468393,4.7281337,0,0,0,0,0,0,0,0,0,0,0,0,0
1,24091,3,-1.4579468,8.47728,4.7372894,0,0,0,0,0,0,0,0,0,0,0,0,0
9,24093,3,-1.457643,8.462144,4.7368546,0,0,0,0,0,0,0,0,0,0,0,0,0
1,24289,3,-1.4605865,8.468185,4.746872,0,0,0,0,0,0,0,0,0,0,0,0,0
9,24290,3,-1.4603478,8.452028,4.7540507,0,0,0,0,0,0,0,0,0,0,0,0,0
9,24628,3,-1.4625875,8.433032,4.7869816,0,0,0,0,0,0,0,0,0,0,0,0,0
1,24629,3,-1.4687347,8.430588,4.8004913,0,0,0,0,0,0,0,0,0,0,0,0,0
9,24828,3,-1.469171,8.427673,4.7943974,0,0,0,0,0,0,0,0,0,0,0,0,0
1,24829,3,-1.4866943,8.436584,4.826828,0,0,0,0,0,0,0,0,0,0,0,0,0
9,25028,3,-1.4524411,8.428113,4.798721,0,0,0,0,0,0,0,0,0,0,0,0,0
1,25029,3,-1.4232483,8.452148,4.8052826,0,0,0,0,0,0,0,0,0,0,0,0,0
9,25228,3,-1.4680423,8.430563,4.7896605,0,0,0,0,0,0,0,0,0,0,0,0,0
1,25228,3,-1.4962616,8.444962,4.768173,0,0,0,0,0,0,0,0,0,0,0,0,0
1,25425,3,-1.4926758,8.423416,4.802887,0,0,0,0,0,0,0,0,0,0,0,0,0
9,25428,3,-1.4839413,8.423174,4.797755,0,0,0,0,0,0,0,0,0,0,0,0,0
1,25728,3,-1.4701691,8.421249,4.8134155,0,0,0,0,0,0,0,0,0,0,0,0,0
9,25729,3,-1.4769709,8.419968,4.805528,0,0,0,0,0,0,0,0,0,0,0,0,0
1,25929,3,-1.4670563,8.418854,4.846466,0,0,0,0,0,0,0,0,0,0,0,0,0
9,25930,3,-1.4764726,8.414527,4.8151984,0,0,0,0,0,0,0,0,0,0,0,0,0
1,26125,3,-1.466568,8.406891,4.818939,0,0,0,0,0,0,0,0,0,0,0,0,0
9,26125,3,-1.4759908,8.411249,4.8210697,0,0,0,0,0,0,0,0,0,0,0,0,0
1,26325,3,-1.4936218,8.429871,4.811981,0,0,0,0,0,0,0,0,0,0,0,0,0
9,26325,3,-1.4904987,8.415789,4.8086686,0,0,0,0,0,0,0,0,0,0,0,0,0
1,26667,3,-1.4902802,8.427002,4.8603516,0,0,0,0,0,0,0,0,0,0,0,0,0
9,26668,3,-1.483621,8.410202,4.8205557,0,0,0,0,0,0,0,0,0,0,0,0,0
1,26865,3,-1.4639435,8.454544,4.8711243,0,0,0,0,0,0,0,0,0,0,0,0,0
9,26866,3,-1.4775985,8.407246,4.827557,0,0,0,0,0,0,0,0,0,0,0,0,0
1,27065,3,-1.4759216,8.388687,4.7777557,0,0,0,0,0,0,0,0,0,0,0,0,0
9,27067,3,-1.4821087,8.413566,4.815148,0,0,0,0,0,0,0,0,0,0,0,0,0
1,27265,3,-1.5130157,8.428192,4.843582,0,0,0,0,0,0,0,0,0,0,0,0,0
9,27266,3,-1.494865,8.408696,4.819708,0,0,0,0,0,0,0,0,0,0,0,0,0
1,27464,3,-1.4531708,8.416229,4.7933044,0,0,0,0,0,0,0,0,0,0,0,0,0
9,27467,3,-1.4806287,8.413635,4.8154817,0,0,0,0,0,0,0,0,0,0,0,0,0
1,27764,3,-1.4945831,8.420059,4.8404846,0,0,0,0,0,0,0,0,0,0,0,0,0
9,27765,3,-1.4870191,8.407694,4.8238835,0,0,0,0,0,0,0,0,0,0,0,0,0
1,27964,3,-1.4811859,8.400177,4.810547,0,0,0,0,0,0,0,0,0,0,0,0,0
9,27965,3,-1.4930966,8.40964,4.818609,0,0,0,0,0,0,0,0,0,0,0,0,0
1,28165,3,-1.5204468,8.420059,4.8407135,0,0,0,0,0,0,0,0,0,0,0,0,0
9,28166,3,-1.5043954,8.402778,4.8270607,0,0,0,0,0,0,0,0,0,0,0,0,0
1,28364,3,-1.5043945,8.40329,4.830414,0,0,0,0,0,0,0,0,0,0,0,0,0
9,28365,3,-1.5021516,8.4034605,4.82657,0,0,0,0,0,0,0,0,0,0,0,0,0
1,28703,3,-1.493866,8.39946,4.8795013,0,0,0,0,0,0,0,0,0,0,0,0,0
9,28704,3,-1.5000076,8.397153,4.8381996,0,0,0,0,0,0,0,0,0,0,0,0,0
1,28903,3,-1.493866,8.417419,4.866333,0,0,0,0,0,0,0,0,0,0,0,0,0
9,28904,3,-1.498069,8.396578,4.839798,0,0,0,0,0,0,0,0,0,0,0,0,0
1,29104,3,-1.5154266,8.3862915,4.8400116,0,0,0,0,0,0,0,0,0,0,0,0,0
9,29105,3,-1.5033319,8.394454,4.8418517,0,0,0,0,0,0,0,0,0,0,0,0,0
1,29304,3,-1.4902802,8.392288,4.8208466,0,0,0,0,0,0,0,0,0,0,0,0,0
9,29305,3,-1.5057904,8.397555,4.835705,0,0,0,0,0,0,0,0,0,0,0,0,0
1,29502,3,-1.5142212,8.406647,4.8005066,0,0,0,0,0,0,0,0,0,0,0,0,0
9,29503,3,-1.5075123,8.4035425,4.8247557,0,0,0,0,0,0,0,0,0,0,0,0,0
1,29703,3,-1.5345764,8.37912,4.7741547,0,0,0,0,0,0,0,0,0,0,0,0,0
9,29704,3,-1.5199108,8.406437,4.8158154,0,0,0,0,0,0,0,0,0,0,0,0,0
9,29904,3,-1.5268323,8.340528,4.9269433,0,0,0,0,0,0,0,0,0,0,0,0,0
1,29905,3,-1.3585968,8.352783,3.762619,0,0,0,0,0,0,0,0,0,0,0,0,0
1,30101,3,-1.3621826,6.7522583,5.613327,0,0,0,0,0,0,0,0,0,0,0,0,0
9,30102,3,-1.2061768,6.274555,7.4394546,0,0,0,0,0,0,0,0,0,0,0,0,0
1,30301,3,0.028839111,4.7483063,10.085693,0,0,0,0,0,0,0,0,0,0,0,0,0
9,30302,3,-0.30668524,4.7545595,8.571492,0,0,0,0,0,0,0,0,0,0,0,0,0
1,30500,3,-0.3506317,4.5699463,8.510315,0,0,0,0,0,0,0,0,0,0,0,0,0
9,30501,3,-0.4447475,4.7060866,8.592167,0,0,0,0,0,0,0,0,0,0,0,0,0
1,30802,3,-0.50242615,4.5917206,8.545258,0,0,0,0,0,0,0,0,0,0,0,0,0
9,30803,3,-0.52846444,4.735084,8.571469,0,0,0,0,0,0,0,0,0,0,0,0,0
1,31000,3,-0.54600525,4.588852,8.573273,0,0,0,0,0,0,0,0,0,0,0,0,0
9,31002,3,-0.55885184,4.7348003,8.569699,0,0,0,0,0,0,0,0,0,0,0,0,0
1,31200,3,-0.5711365,4.601303,8.550537,0,0,0,0,0,0,0,0,0,0,0,0,0
9,31201,3,-0.572341,4.715638,8.57937,0,0,0,0,0,0,0,0,0,0,0,0,0
1,31400,3,-0.5740204,4.588608,8.570404,0,0,0,0,0,0,0,0,0,0,0,0,0
9,31401,3,-0.5726355,4.6807017,8.598459,0,0,0,0,0,0,0,0,0,0,0,0,0
1,31600,3,-0.5780792,4.5924377,8.566574,0,0,0,0,0,0,0,0,0,0,0,0,0
9,31601,3,-0.5781624,4.665021,8.606608,0,0,0,0,0,0,0,0,0,0,0,0,0
1,31798,3,-0.58454895,4.5878906,8.563461,0,0,0,0,0,0,0,0,0,0,0,0,0
9,31799,3,-0.57831687,4.6530414,8.61308,0,0,0,0,0,0,0,0,0,0,0,0,0
1,32000,3,-0.30682373,4.542877,8.555084,0,0,0,0,0,0,0,0,0,0,0,0,0
9,32001,3,-0.08829803,4.571378,8.675546,0,0,0,0,0,0,0,0,0,0,0,0,0
1,32199,3,0.40042114,4.355179,8.634811,0,0,0,0,0,0,0,0,0,0,0,0,0
9,32200,3,0.45457685,4.3553033,8.774684,0,0,0,0,0,0,0,0,0,0,0,0,0
1,32398,3,0.9233246,4.0506287,8.830902,0,0,0,0,0,0,0,0,0,0,0,0,0
9,32399,3,1.3016008,3.8123686,8.941033,0,0,0,0,0,0,0,0,0,0,0,0,0
1,32658,3,3.9163208,2.7874603,8.855789,0,0,0,0,0,0,0,0,0,0,0,0,0
9,32757,3,3.0011895,3.8084908,8.524004,0,0,0,0,0,0,0,0,0,0,0,0,0
1,32857,3,5.3971252,2.8980713,7.1164093,0,0,0,0,0,0,0,0,0,0,0,0,0
9,32957,3,0.9777102,3.8009963,8.9870405,0,0,0,0,0,0,0,0,0,0,0,0,0
1,33058,3,4.325714,2.9026184,8.229706,0,0,0,0,0,0,0,0,0,0,0,0,0
9,33156,3,-0.14861904,3.9833817,8.959965,0,0,0,0,0,0,0,0,0,0,0,0,0
1,33257,3,2.8161774,2.7335815,8.777023,0,0,0,0,0,0,0,0,0,0,0,0,0
9,33356,3,-2.3154066,3.9971967,8.650532,0,0,0,0,0,0,0,0,0,0,0,0,0
1,33457,3,0.7605133,2.6315918,9.546753,0,0,0,0,0,0,0,0,0,0,0,0,0
9,33557,3,-4.5033813,4.7227755,7.3202004,0,0,0,0,0,0,0,0,0,0,0,0,0
1,33656,3,-2.3780518,3.6316528,8.72435,0,0,0,0,0,0,0,0,0,0,0,0,0
9,33755,3,-0.044298418,3.3393946,9.220459,0,0,0,0,0,0,0,0,0,0,0,0,0
1,33855,3,-0.73825073,3.758789,8.322845,0,0,0,0,0,0,0,0,0,0,0,0,0
9,33955,3,1.4637096,2.8567996,9.266425,0,0,0,0,0,0,0,0,0,0,0,0,0
1,34056,3,4.1258087,1.5711975,9.04541,0,0,0,0,0,0,0,0,0,0,0,0,0
9,34155,3,-1.1674792,3.8892832,8.926414,0,0,0,0,0,0,0,0,0,0,0,0,0
1,34256,3,1.4217987,2.5676575,8.979813,0,0,0,0,0,0,0,0,0,0,0,0,0
9,34357,3,-3.2772882,4.629045,8.000108,0,0,0,0,0,0,0,0,0,0,0,0,0
1,34455,3,-1.4129486,3.3113098,9.142136,0,0,0,0,0,0,0,0,0,0,0,0,0
9,34555,3,-2.459248,4.597411,8.305799,0,0,0,0,0,0,0,0,0,0,0,0,0
1,34656,3,-1.8841248,3.8684387,8.417892,0,0,0,0,0,0,0,0,0,0,0,0,0
9,34755,3,2.001246,3.5273166,8.928799,0,0,0,0,0,0,0,0,0,0,0,0,0
1,34854,3,1.9899292,2.751068,9.095932,0,0,0,0,0,0,0,0,0,0,0,0,0
9,34954,3,1.4256485,3.5153174,9.043255,0,0,0,0,0,0,0,0,0,0,0,0,0
1,35055,3,3.403946,2.6569672,8.70137,0,0,0,0,0,0,0,0,0,0,0,0,0
9,35154,3,1.1312851,3.388245,9.132928,0,0,0,0,0,0,0,0,0,0,0,0,0
1,35255,3,2.6971893,2.5765228,9.096176,0,0,0,0,0,0,0,0,0,0,0,0,0
9,35353,3,1.158963,3.3269448,9.151975,0,0,0,0,0,0,0,0,0,0,0,0,0
1,35455,3,2.542282,2.5303192,9.067917,0,0,0,0,0,0,0,0,0,0,0,0,0
9,35554,3,1.2133982,3.2879398,9.159012,0,0,0,0,0,0,0,0,0,0,0,0,0
1,35653,3,2.5106812,2.525528,9.051392,0,0,0,0,0,0,0,0,0,0,0,0,0
9,35753,3,1.2872312,3.2494025,9.162685,0,0,0,0,0,0,0,0,0,0,0,0,0
1,35854,3,2.494629,2.514511,9.055237,0,0,0,0,0,0,0,0,0,0,0,0,0
9,35953,3,1.3527873,3.2043078,9.16912,0,0,0,0,0,0,0,0,0,0,0,0,0
1,36053,3,2.494873,2.518341,9.07869,0,0,0,0,0,0,0,0,0,0,0,0,0
9,36152,3,1.7507439,2.9741983,9.179294,0,0,0,0,0,0,0,0,0,0,0,0,0
1,36252,3,2.4927216,2.501587,9.071503,0,0,0,0,0,0,0,0,0,0,0,0,0
9,36352,3,1.9957325,2.8337405,9.173732,0,0,0,0,0,0,0,0,0,0,0,0,0
1,36451,3,2.486023,2.4908142,9.055222,0,0,0,0,0,0,0,0,0,0,0,0,0
9,36552,3,2.1478734,2.747338,9.16565,0,0,0,0,0,0,0,0,0,0,0,0,0
1,36621,3,2.4383698,2.5305634,9.075104,0,0,0,0,0,0,0,0,0,0,0,0,0
1,36834,3,2.4098816,2.6450043,9.028656,0,0,0,0,0,0,0,0,0,0,0,0,0
9,36835,3,2.1969783,2.7870862,9.141981,0,0,0,0,0,0,0,0,0,0,0,0,0
1,37032,3,2.4146729,2.6210632,9.108856,0,0,0,0,0,0,0,0,0,0,0,0,0
9,37033,3,2.2724383,2.7316709,9.140262,0,0,0,0,0,0,0,0,0,0,0,0,0
1,37231,3,2.0770874,2.710846,9.228577,0,0,0,0,0,0,0,0,0,0,0,0,0
9,37232,3,2.159388,2.7638156,9.157989,0,0,0,0,0,0,0,0,0,0,0,0,0
9,37433,3,0.7752157,2.7350788,9.385562,0,0,0,0,0,0,0,0,0,0,0,0,0
1,37434,3,1.3348846,2.592331,10.0581665,0,0,0,0,0,0,0,0,0,0,0,0,0
1,37630,3,6.4129944,-0.48303223,8.90535,0,0,0,0,0,0,0,0,0,0,0,0,0
9,37633,3,0.26977953,2.2786498,9.5344305,0,0,0,0,0,0,0,0,0,0,0,0,0
9,37930,3,2.0957246,3.1656656,9.041951,0,0,0,0,0,0,0,0,0,0,0,0,0
1,37931,3,0.84550476,-1.653305,6.644272,0,0,0,0,0,0,0,0,0,0,0,0,0
1,38130,3,-5.0257874,6.1637573,11.270828,0,0,0,0,0,0,0,0,0,0,0,0,0
9,38132,3,1.2873524,3.6258955,9.020309,0,0,0,0,0,0,0,0,0,0,0,0,0
9,38333,3,1.900978,3.6332834,8.908195,0,0,0,0,0,0,0,0,0,0,0,0,0
1,38334,3,2.9049988,1.7483673,7.913437,0,0,0,0,0,0,0,0,0,0,0,0,0
1,38532,3,1.2932281,3.7879944,9.024109,0,0,0,0,0,0,0,0,0,0,0,0,0
9,38533,3,1.7127652,3.3543458,9.054567,0,0,0,0,0,0,0,0,0,0,0,0,0
1,38729,3,1.5101318,3.1645355,9.082764,0,0,0,0,0,0,0,0,0,0,0,0,0
9,38730,3,1.7237422,3.25269,9.089505,0,0,0,0,0,0,0,0,0,0,0,0,0
9,38928,3,1.5709839,3.1522303,9.152368,0,0,0,0,0,0,0,0,0,0,0,0,0
1,38929,3,1.4301758,3.075241,9.010223,0,0,0,0,0,0,0,0,0,0,0,0,0
1,39128,3,1.2498932,2.9976654,9.247971,0,0,0,0,0,0,0,0,0,0,0,0,0
9,39130,3,1.4080724,3.03942,9.216814,0,0,0,0,0,0,0,0,0,0,0,0,0
9,39327,3,1.3616343,3.0236592,9.228967,0,0,0,0,0,0,0,0,0,0,0,0,0
1,39328,3,1.1237183,2.9816284,9.234787,0,0,0,0,0,0,0,0,0,0,0,0,0
1,39528,3,0.7913971,2.711563,8.658264,0,0,0,0,0,0,0,0,0,0,0,0,0
9,39529,3,1.0737395,2.9601862,9.287344,0,0,0,0,0,0,0,0,0,0,0,0,0
1,39728,3,-0.29101562,3.193039,8.796417,0,0,0,0,0,0,0,0,0,0,0,0,0
9,39729,3,-0.375778,2.9793954,9.335545,0,0,0,0,0,0,0,0,0,0,0,0,0
1,39928,3,-0.59747314,2.7331085,10.102692,0,0,0,0,0,0,0,0,0,0,0,0,0
9,39929,3,-0.92701626,3.0590568,9.271095,0,0,0,0,0,0,0,0,0,0,0,0,0
1,40126,3,-1.2036896,2.9358978,9.373901,0,0,0,0,0,0,0,0,0,0,0,0,0
9,40126,3,-1.0229359,3.0071712,9.277979,0,0,0,0,0,0,0,0,0,0,0,0,0
9,40327,3,-1.1204453,2.9870925,9.273202,0,0,0,0,0,0,0,0,0,0,0,0,0
1,40328,3,-1.323883,2.9198608,9.248199,0,0,0,0,0,0,0,0,0,0,0,0,0
1,40527,3,-1.3408813,2.9074097,9.147644,0,0,0,0,0,0,0,0,0,0,0,0,0
9,40528,3,-1.111546,2.983783,9.275338,0,0,0,0,0,0,0,0,0,0,0,0,0
1,40729,3,-1.3332214,2.9152985,9.157227,0,0,0,0,0,0,0,0,0,0,0,0,0
9,40730,3,-1.124649,2.97185,9.27759,0,0,0,0,0,0,0,0,0,0,0,0,0
1,40927,3,-1.3375244,2.9006958,9.156738,0,0,0,0,0,0,0,0,0,0,0,0,0
9,40929,3,-1.1975938,2.951058,9.275097,0,0,0,0,0,0,0,0,0,0,0,0,0
1,41127,3,-1.3325043,2.8724518,9.190262,0,0,0,0,0,0,0,0,0,0,0,0,0
9,41128,3,-1.2458636,2.9218776,9.277976,0,0,0,0,0,0,0,0,0,0,0,0,0
1,41326,3,-1.3209991,2.860962,9.181168,0,0,0,0,0,0,0,0,0,0,0,0,0
9,41327,3,-1.2761315,2.8994315,9.280903,0,0,0,0,0,0,0,0,0,0,0,0,0
9,41525,3,-1.3015058,2.8902535,9.280243,0,0,0,0,0,0,0,0,0,0,0,0,0
1,41526,3,-1.3392029,2.8544922,9.192657,0,0,0,0,0,0,0,0,0,0,0,0,0
1,41715,3,-1.3325043,2.8494568,9.189545,0,0,0,0,0,0,0,0,0,0,0,0,0
9,41716,3,-1.3115399,2.8888454,9.279268,0,0,0,0,0,0,0,0,0,0,0,0,0
9,41924,3,-1.3736575,2.9070308,9.26459,0,0,0,0,0,0,0,0,0,0,0,0,0
1,41925,3,-1.4376068,2.8748474,9.052597,0,0,0,0,0,0,0,0,0,0,0,0,0
1,42127,3,-1.2736053,2.853302,9.210617,0,0,0,0,0,0,0,0,0,0,0,0,0
9,42128,3,-1.3443906,2.8956764,9.272436,0,0,0,0,0,0,0,0,0,0,0,0,0
9,42324,3,-1.3479134,2.8989854,9.270889,0,0,0,0,0,0,0,0,0,0,0,0,0
1,42326,3,-1.3274689,2.861679,9.138794,0,0,0,0,0,0,0,0,0,0,0,0,0
1,42524,3,-1.3382416,2.8568878,9.138794,0,0,0,0,0,0,0,0,0,0,0,0,0
9,42525,3,-1.3494245,2.897151,9.271244,0,0,0,0,0,0,0,0,0,0,0,0,0
1,42725,3,-1.3418427,2.8808289,9.1375885,0,0,0,0,0,0,0,0,0,0,0,0,0
9,42726,3,-1.3524027,2.906459,9.267896,0,0,0,0,0,0,0,0,0,0,0,0,0
1,43023,3,-1.3425598,2.857605,9.198883,0,0,0,0,0,0,0,0,0,0,0,0,0
9,43025,3,-1.3551185,2.9015393,9.26904,0,0,0,0,0,0,0,0,0,0,0,0,0
1,43224,3,-1.3487854,2.8559265,9.167755,0,0,0,0,0,0,0,0,0,0,0,0,0
9,43225,3,-1.3717861,2.9060707,9.265168,0,0,0,0,0,0,0,0,0,0,0,0,0
1,43423,3,-1.3995361,2.869812,9.186676,0,0,0,0,0,0,0,0,0,0,0,0,0
9,43424,3,-1.3856701,2.895082,9.266542,0,0,0,0,0,0,0,0,0,0,0,0,0
1,43623,3,-1.4258728,2.885376,9.181168,0,0,0,0,0,0,0,0,0,0,0,0,0
9,43624,3,-1.3891598,2.8961737,9.265679,0,0,0,0,0,0,0,0,0,0,0,0,0
1,43863,3,-1.3322601,2.901657,9.21373,0,0,0,0,0,0,0,0,0,0,0,0,0
9,43964,3,-1.8452463,4.491539,8.520066,0,0,0,0,0,0,0,0,0,0,0,0,0
1,44061,3,-0.9156647,3.1451416,11.25383,0,0,0,0,0,0,0,0,0,0,0,0,0
9,44161,3,-1.288812,5.866498,7.7520022,0,0,0,0,0,0,0,0,0,0,0,0,0
1,44261,3,-5.490036,5.582199,4.1301117,0,0,0,0,0,0,0,0,0,0,0,0,0
9,44361,3,-0.64231825,7.421318,6.378233,0,0,0,0,0,0,0,0,0,0,0,0,0
1,44462,3,2.640442,1.4076691,9.251556,0,0,0,0,0,0,0,0,0,0,0,0,0
9,44561,3,1.3649414,6.2869387,7.401468,0,0,0,0,0,0,0,0,0,0,0,0,0
1,44661,3,-5.0380096,5.2743073,9.281006,0,0,0,0,0,0,0,0,0,0,0,0,0
9,44763,3,-0.42661127,6.978661,6.8765326,0,0,0,0,0,0,0,0,0,0,0,0,0
1,44862,3,-2.8128357,3.5198364,9.1931305,0,0,0,0,0,0,0,0,0,0,0,0,0
9,44960,3,1.5353037,5.512414,7.9640775,0,0,0,0,0,0,0,0,0,0,0,0,0
1,45062,3,0.3599701,1.7007294,8.126526,0,0,0,0,0,0,0,0,0,0,0,0,0
9,45160,3,0.3408145,5.2751617,8.259958,0,0,0,0,0,0,0,0,0,0,0,0,0
1,45261,3,-3.308426,3.7851257,9.680115,0,0,0,0,0,0,0,0,0,0,0,0,0
9,45360,3,0.050706282,5.1046624,8.373185,0,0,0,0,0,0,0,0,0,0,0,0,0
1,45463,3,-2.1879425,2.9469147,9.11676,0,0,0,0,0,0,0,0,0,0,0,0,0
9,45559,3,-0.03757821,5.037255,8.413979,0,0,0,0,0,0,0,0,0,0,0,0,0
1,45659,3,-2.2992706,3.161911,8.89386,0,0,0,0,0,0,0,0,0,0,0,0,0
9,45761,3,-0.15489854,4.9534307,8.462264,0,0,0,0,0,0,0,0,0,0,0,0,0
1,45859,3,-2.2894592,3.2088318,8.880692,0,0,0,0,0,0,0,0,0,0,0,0,0
9,45959,3,-0.26769036,4.869769,8.507883,0,0,0,0,0,0,0,0,0,0,0,0,0
1,46059,3,-2.3059845,3.1887207,8.871826,0,0,0,0,0,0,0,0,0,0,0,0,0
9,46158,3,-0.37518108,4.793112,8.547263,0,0,0,0,0,0,0,0,0,0,0,0,0
1,46259,3,-2.2873077,3.1865692,8.879257,0,0,0,0,0,0,0,0,0,0,0,0,0
9,46358,3,-0.474382,4.7131753,8.586695,0,0,0,0,0,0,0,0,0,0,0,0,0
1,46459,3,-2.3134003,3.1753235,8.880692,0,0,0,0,0,0,0,0,0,0,0,0,0
9,46558,3,-1.115882,4.229741,8.776929,0,0,0,0,0,0,0,0,0,0,0,0,0
1,46659,3,-2.324173,3.1827393,8.875427,0,0,0,0,0,0,0,0,0,0,0,0,0
9,46758,3,-1.5438994,3.900998,8.8639145,0,0,0,0,0,0,0,0,0,0,0,0,0
1,46805,3,-2.327774,3.1894379,8.87207,0,0,0,0,0,0,0,0,0,0,0,0,0
1,47017,3,-2.3486023,3.198059,8.838318,0,0,0,0,0,0,0,0,0,0,0,0,0
9,47019,3,-1.8309861,3.6850314,8.901597,0,0,0,0,0,0,0,0,0,0,0,0,0
9,47217,3,-2.0016704,3.5360074,8.925264,0,0,0,0,0,0,0,0,0,0,0,0,0
1,47218,3,-2.311493,3.198059,8.862259,0,0,0,0,0,0,0,0,0,0,0,0,0
1,47418,3,-2.280365,3.2124329,8.852676,0,0,0,0,0,0,0,0,0,0,0,0,0
9,47420,3,-2.107231,3.444714,8.936662,0,0,0,0,0,0,0,0,0,0,0,0,0
1,47617,3,-2.2899323,3.2160187,8.876633,0,0,0,0,0,0,0,0,0,0,0,0,0
9,47618,3,-2.1778877,3.3810558,8.944029,0,0,0,0,0,0,0,0,0,0,0,0,0
1,47816,3,-2.292328,3.2243958,8.930496,0,0,0,0,0,0,0,0,0,0,0,0,0
9,47817,3,-2.2185223,3.3315065,8.952631,0,0,0,0,0,0,0,0,0,0,0,0,0
1,48118,3,-2.344284,3.1997375,8.863693,0,0,0,0,0,0,0,0,0,0,0,0,0
9,48119,3,-2.2624285,3.2983334,8.953926,0,0,0,0,0,0,0,0,0,0,0,0,0
1,48315,3,-2.3270416,3.2035675,8.863937,0,0,0,0,0,0,0,0,0,0,0,0,0
9,48316,3,-2.2865372,3.2726367,8.9572315,0,0,0,0,0,0,0,0,0,0,0,0,0
1,48516,3,-2.324173,3.197342,8.871124,0,0,0,0,0,0,0,0,0,0,0,0,0
9,48517,3,-2.3077543,3.2720733,8.951994,0,0,0,0,0,0,0,0,0,0,0,0,0
1,48715,3,-2.3349457,3.2488098,8.844299,0,0,0,0,0,0,0,0,0,0,0,0,0
9,48717,3,-2.3004367,3.2926822,8.94632,0,0,0,0,0,0,0,0,0,0,0,0,0
1,49036,3,-2.1762238,3.265091,8.740158,0,0,0,0,0,0,0,0,0,0,0,0,0
9,49037,3,-2.0510776,3.2309163,9.0291,0,0,0,0,0,0,0,0,0,0,0,0,0
9,49235,3,-1.682384,3.1217723,9.143003,0,0,0,0,0,0,0,0,0,0,0,0,0
1,49236,3,-1.8601837,3.0484314,9.077744,0,0,0,0,0,0,0,0,0,0,0,0,0
1,49435,3,-1.809906,3.0208893,8.997528,0,0,0,0,0,0,0,0,0,0,0,0,0
9,49436,3,-1.7794893,3.078651,9.13924,0,0,0,0,0,0,0,0,0,0,0,0,0
1,49636,3,-1.8194733,3.019699,9.039429,0,0,0,0,0,0,0,0,0,0,0,0,0
9,49637,3,-1.8392422,3.073245,9.129224,0,0,0,0,0,0,0,0,0,0,0,0,0
1,49833,3,-1.9619446,3.0496216,9.034653,0,0,0,0,0,0,0,0,0,0,0,0,0
9,49834,3,-1.8515158,3.0694735,9.128012,0,0,0,0,0,0,0,0,0,0,0,0,0
1,50134,3,-1.9083099,3.0426788,9.026978,0,0,0,0,0,0,0,0,0,0,0,0,0
9,50134,3,-1.8783398,3.073599,9.121141,0,0,0,0,0,0,0,0,0,0,0,0,0
9,50334,3,-1.8930606,3.0787988,9.116343,0,0,0,0,0,0,0,0,0,0,0,0,0
1,50335,3,-1.8980103,3.0532074,9.0186,0,0,0,0,0,0,0,0,0,0,0,0,0
1,50533,3,-1.9061432,3.050583,9.033203,0,0,0,0,0,0,0,0,0,0,0,0,0
9,50534,3,-1.8996043,3.0745816,9.116405,0,0,0,0,0,0,0,0,0,0,0,0,0
1,50735,3,-1.9004059,3.039566,9.0035095,0,0,0,0,0,0,0,0,0,0,0,0,0
9,50737,3,-1.9037343,3.0688086,9.117489,0,0,0,0,0,0,0,0,0,0,0,0,0
1,51074,3,-1.8913116,3.0256805,8.968796,0,0,0,0,0,0,0,0,0,0,0,0,0
9,51075,3,-1.9055265,3.0665343,9.117879,0,0,0,0,0,0,0,0,0,0,0,0,0
1,51274,3,-1.9116669,3.0304718,8.996338,0,0,0,0,0,0,0,0,0,0,0,0,0
9,51275,3,-1.9144725,3.0660305,9.116175,0,0,0,0,0,0,0,0,0,0,0,0,0
1,51472,3,-1.8673553,3.0280762,9.084915,0,0,0,0,0,0,0,0,0,0,0,0,0
9,51473,3,-1.9015708,3.0527985,9.123313,0,0,0,0,0,0,0,0,0,0,0,0,0
1,51678,3,-1.8877258,3.019699,9.047806,0,0,0,0,0,0,0,0,0,0,0,0,0
9,51679,3,-1.9028565,3.050084,9.123952,0,0,0,0,0,0,0,0,0,0,0,0,0
9,51872,3,-1.907734,3.0538664,9.121669,0,0,0,0,0,0,0,0,0,0,0,0,0
1,51874,3,-1.9008789,3.0328674,9.02626,0,0,0,0,0,0,0,0,0,0,0,0,0
1,52171,3,-1.8941803,3.0153809,9.032242,0,0,0,0,0,0,0,0,0,0,0,0,0
9,52173,3,-1.9066333,3.0504787,9.123032,0,0,0,0,0,0,0,0,0,0,0,0,0
1,52369,3,-1.8941803,3.0139465,9.032242,0,0,0,0,0,0,0,0,0,0,0,0,0
9,52371,3,-1.911205,3.0522606,9.12148,0,0,0,0,0,0,0,0,0,0,0,0,0
1,52570,3,-1.9056702,3.0225677,9.027451,0,0,0,0,0,0,0,0,0,0,0,0,0
9,52571,3,-1.9202564,3.057486,9.117827,0,0,0,0,0,0,0,0,0,0,0,0,0
